3674	4097	4174	3809	2067	707	2	0
4097	4852	4774	4463	2715	790	6	0
4174	4774	4790	4529	2762	754	6	2
3809	4463	4529	4468	2553	798	2	0
2067	2715	2762	2553	0	473	3	1
707	790	754	798	473	142	0	0
2	6	6	2	3	0	0	0
0	0	2	0	1	0	0	0
