1994	3045	1661	2046	2533	1652	1499	0
3045	3980	2297	2910	3499	2187	2167	0
1661	2297	1368	1707	1929	1267	1212	0
2046	2910	1707	2044	2466	1576	1569	0
2533	3499	1929	2466	3048	1893	1864	0
1652	2187	1267	1576	1893	0	1201	0
1499	2167	1212	1569	1864	1201	570	0
0	0	0	0	0	0	0	0
