Document 0
0.006253 0.005838 0.408383 0.005892 0.007204 0.005094 0.005596 0.004842 0.005972 0.006707 0.308767 0.209717 0.005986 0.007140 0.006608 
0.150339 0.010725 0.009043 0.009421 0.011679 0.008352 0.008118 0.010494 0.008276 0.008975 0.009890 0.438390 0.154015 0.152233 0.010050 
0.005629 0.006887 0.006455 0.006218 0.913545 0.006882 0.007331 0.006261 0.006151 0.005356 0.005286 0.005582 0.006036 0.005904 0.006478 
Document 1
0.012641 0.011802 0.008386 0.011910 0.014562 0.418855 0.011311 0.009788 0.420630 0.013557 0.011304 0.015364 0.012100 0.014433 0.013358 
0.053121 0.074584 0.062887 0.065514 0.081219 0.058080 0.056456 0.072979 0.057555 0.062414 0.068775 0.071546 0.078685 0.066291 0.069894 
0.032151 0.039338 0.036869 0.035520 0.034970 0.039309 0.041877 0.035762 0.035132 0.030593 0.030191 0.031882 0.034478 0.504926 0.037001 
Document 2
0.069119 0.064532 0.045855 0.065124 0.079624 0.056300 0.061850 0.053523 0.066008 0.074131 0.061808 0.084008 0.066160 0.078919 0.073039 
0.013357 0.018753 0.015812 0.016473 0.020422 0.014603 0.014195 0.018350 0.014471 0.015693 0.765855 0.017989 0.019784 0.016668 0.017574 
0.006741 0.008248 0.402900 0.007447 0.501294 0.008242 0.008780 0.007498 0.007366 0.006414 0.006330 0.006684 0.007229 0.007071 0.007758 
Document 3
0.005679 0.005303 0.003768 0.005351 0.006543 0.004626 0.831129 0.004398 0.005424 0.006091 0.005079 0.006903 0.097219 0.006485 0.006002 
0.350279 0.024988 0.021069 0.021950 0.027211 0.019459 0.018915 0.024451 0.019283 0.020911 0.023042 0.023971 0.026362 0.354692 0.023417 
0.009580 0.011722 0.010986 0.010584 0.712447 0.011713 0.012478 0.010656 0.010468 0.149521 0.008996 0.009500 0.010274 0.010049 0.011025 
Document 4
0.069119 0.064532 0.045855 0.065124 0.079624 0.056300 0.061850 0.053523 0.066008 0.074131 0.061808 0.084008 0.066160 0.078919 0.073039 
0.003344 0.004695 0.003959 0.004124 0.005113 0.003656 0.003554 0.129534 0.003623 0.003929 0.004329 0.504264 0.004953 0.004173 0.316750 
0.827840 0.013636 0.012781 0.012313 0.012122 0.013626 0.014517 0.012397 0.012178 0.010605 0.010466 0.011052 0.011952 0.011691 0.012826 
Document 5
0.015886 0.014832 0.010539 0.014968 0.018300 0.012940 0.014215 0.012301 0.015171 0.017038 0.014206 0.019308 0.015206 0.788305 0.016787 
0.004458 0.006259 0.005277 0.005498 0.006816 0.004874 0.004738 0.006124 0.004830 0.005238 0.005772 0.922084 0.006603 0.005563 0.005865 
0.032151 0.039338 0.036869 0.035520 0.034970 0.039309 0.041877 0.035762 0.035132 0.501794 0.030191 0.031882 0.034478 0.033725 0.037001 
Document 6
0.007838 0.007317 0.005200 0.007385 0.009029 0.133042 0.007013 0.766019 0.007485 0.008406 0.007009 0.009526 0.007502 0.008949 0.008282 
0.004863 0.915284 0.005757 0.005997 0.007435 0.005317 0.005168 0.006681 0.005269 0.005714 0.006296 0.006550 0.007203 0.006069 0.006398 
0.013321 0.601980 0.015276 0.014717 0.014489 0.016287 0.017351 0.014817 0.014556 0.012675 0.012509 0.013209 0.014285 0.209200 0.015330 
Document 7
0.032649 0.030483 0.021660 0.030762 0.037612 0.026595 0.029216 0.025282 0.031180 0.035017 0.556828 0.039683 0.031252 0.037279 0.034501 
0.003821 0.005365 0.004524 0.004713 0.005843 0.004178 0.004061 0.005250 0.004140 0.004490 0.004948 0.933209 0.005660 0.004769 0.005028 
0.009580 0.011722 0.432202 0.010584 0.010420 0.011713 0.012478 0.010656 0.431684 0.009116 0.008996 0.009500 0.010274 0.010049 0.011025 
Document 8
0.032649 0.030483 0.021660 0.030762 0.037612 0.026595 0.029216 0.025282 0.031180 0.035017 0.556828 0.039683 0.031252 0.037279 0.034501 
0.002816 0.003954 0.003334 0.003473 0.004306 0.844844 0.055603 0.003869 0.003051 0.003309 0.003646 0.003793 0.004171 0.056125 0.003705 
0.032151 0.039338 0.036869 0.035520 0.034970 0.039309 0.041877 0.035762 0.035132 0.030593 0.501392 0.031882 0.034478 0.033725 0.037001 
Document 9
0.069119 0.064532 0.045855 0.065124 0.079624 0.056300 0.061850 0.053523 0.066008 0.074131 0.061808 0.084008 0.066160 0.078919 0.073039 
0.004115 0.005778 0.004872 0.005075 0.006292 0.312010 0.004374 0.005654 0.619480 0.004835 0.005328 0.005543 0.006096 0.005135 0.005415 
0.060800 0.074391 0.069723 0.067171 0.066131 0.074337 0.079193 0.067629 0.066437 0.057854 0.057094 0.060291 0.065201 0.063777 0.069971 
Document 10
0.021373 0.019954 0.359571 0.020137 0.024621 0.017409 0.019125 0.016550 0.020411 0.368315 0.019112 0.025977 0.020458 0.024403 0.022585 
0.116959 0.008344 0.007035 0.007329 0.009086 0.006497 0.006316 0.008164 0.450504 0.340031 0.007694 0.008004 0.008802 0.007416 0.007819 
0.060800 0.074391 0.069723 0.067171 0.066131 0.074337 0.079193 0.067629 0.066437 0.057854 0.057094 0.060291 0.065201 0.063777 0.069971 
Document 11
0.048498 0.002639 0.001875 0.002663 0.140272 0.002302 0.002529 0.458908 0.002699 0.003031 0.002527 0.003435 0.002705 0.003227 0.322690 
0.001139 0.214330 0.001348 0.277955 0.065560 0.235249 0.001210 0.001564 0.001234 0.001338 0.001474 0.001534 0.001687 0.001421 0.192956 
0.008401 0.010279 0.009633 0.009281 0.132256 0.010271 0.749655 0.009344 0.009179 0.007994 0.007889 0.008330 0.009009 0.008812 0.009668 
Document 12
0.069119 0.064532 0.045855 0.065124 0.079624 0.056300 0.061850 0.053523 0.066008 0.074131 0.061808 0.084008 0.066160 0.078919 0.073039 
0.005943 0.008344 0.007035 0.007329 0.120102 0.117514 0.117332 0.008164 0.339488 0.229015 0.007694 0.008004 0.008802 0.007416 0.007819 
0.003765 0.004607 0.500945 0.004160 0.004095 0.004603 0.004904 0.335273 0.004114 0.003583 0.113897 0.003734 0.004038 0.003949 0.004333 
Document 13
0.069119 0.064532 0.045855 0.065124 0.079624 0.056300 0.061850 0.053523 0.066008 0.074131 0.061808 0.084008 0.066160 0.078919 0.073039 
0.026662 0.535521 0.031564 0.032882 0.040765 0.029151 0.028336 0.036629 0.028887 0.031326 0.034519 0.035910 0.039493 0.033272 0.035081 
0.013321 0.016298 0.015276 0.014717 0.014489 0.016287 0.407805 0.014817 0.405010 0.012675 0.012509 0.013209 0.014285 0.013973 0.015330 
Document 14
0.069119 0.064532 0.045855 0.065124 0.079624 0.056300 0.061850 0.053523 0.066008 0.074131 0.061808 0.084008 0.066160 0.078919 0.073039 
0.003344 0.379515 0.003959 0.004124 0.005113 0.003656 0.003554 0.004594 0.003623 0.503689 0.004329 0.066974 0.004953 0.004173 0.004400 
0.004232 0.005178 0.004853 0.004676 0.004603 0.005174 0.005512 0.004707 0.004625 0.004027 0.128026 0.438380 0.004539 0.376596 0.004871 
Document 15
0.003275 0.055981 0.002173 0.003086 0.321313 0.002668 0.002930 0.584692 0.003127 0.003512 0.002928 0.003980 0.003135 0.003739 0.003461 
0.008910 0.012510 0.010548 0.010989 0.013623 0.009742 0.009469 0.844509 0.009654 0.010469 0.011536 0.012001 0.013198 0.011119 0.011723 
0.011145 0.013636 0.176119 0.012313 0.012122 0.013626 0.014517 0.012397 0.012178 0.663961 0.010466 0.011052 0.011952 0.011691 0.012826 
Document 16
0.003893 0.003635 0.002583 0.003668 0.130308 0.003171 0.443866 0.380486 0.003718 0.004175 0.003481 0.004732 0.003726 0.004445 0.004114 
0.006685 0.134266 0.632314 0.008244 0.010221 0.007309 0.007104 0.134064 0.007243 0.007854 0.008655 0.009003 0.009902 0.008342 0.008795 
0.259139 0.505425 0.018981 0.018287 0.018004 0.020237 0.021560 0.018411 0.018087 0.015750 0.015543 0.016414 0.017750 0.017363 0.019049 
Document 17
0.173336 0.004857 0.255652 0.004901 0.005993 0.004237 0.509058 0.004028 0.004968 0.005579 0.004652 0.006323 0.004979 0.005940 0.005497 
0.017797 0.357470 0.021069 0.021950 0.027211 0.019459 0.018915 0.024451 0.351765 0.020911 0.023042 0.023971 0.026362 0.022210 0.023417 
0.011145 0.013636 0.012781 0.012313 0.012122 0.013626 0.667872 0.012397 0.012178 0.010605 0.173805 0.011052 0.011952 0.011691 0.012826 
Document 18
0.006253 0.005838 0.509441 0.005892 0.007204 0.005094 0.005596 0.004842 0.005972 0.006707 0.005592 0.007601 0.005986 0.411374 0.006608 
0.053121 0.074584 0.062887 0.065514 0.081219 0.058080 0.056456 0.072979 0.057555 0.062414 0.068775 0.071546 0.078685 0.066291 0.069894 
0.007480 0.009152 0.008577 0.227508 0.008136 0.009145 0.009743 0.117942 0.008173 0.335984 0.007024 0.226662 0.008021 0.007846 0.008608 
Document 19
0.032649 0.030483 0.021660 0.030762 0.037612 0.026595 0.556848 0.025282 0.031180 0.035017 0.029196 0.039683 0.031252 0.037279 0.034501 
0.002675 0.103718 0.003167 0.003300 0.004091 0.002925 0.002843 0.003676 0.002899 0.003143 0.003464 0.853277 0.003963 0.003339 0.003520 
0.008401 0.010279 0.625227 0.009281 0.009137 0.010271 0.010942 0.009344 0.009179 0.007994 0.007889 0.008330 0.255246 0.008812 0.009668 
Document 20
0.006956 0.006495 0.004615 0.006554 0.008014 0.005666 0.905580 0.005387 0.006643 0.007461 0.006221 0.008455 0.006659 0.007943 0.007351 
0.003344 0.004695 0.003959 0.004124 0.005113 0.003656 0.003554 0.004594 0.128563 0.003929 0.004329 0.816614 0.004953 0.004173 0.004400 
0.008401 0.010279 0.009633 0.132400 0.009137 0.010271 0.010942 0.009344 0.378536 0.007994 0.131007 0.008330 0.009009 0.008812 0.255905 
Document 21
0.008974 0.588487 0.005954 0.008455 0.010338 0.007310 0.008030 0.006949 0.008570 0.009625 0.008025 0.010907 0.008590 0.155274 0.154510 
0.053121 0.074584 0.062887 0.065514 0.081219 0.058080 0.056456 0.072979 0.057555 0.062414 0.068775 0.071546 0.078685 0.066291 0.069894 
0.004232 0.005178 0.004853 0.314806 0.004603 0.005174 0.005512 0.004707 0.004625 0.004027 0.190053 0.004197 0.252643 0.190518 0.004871 
Document 22
0.002218 0.002071 0.001472 0.002090 0.827068 0.001807 0.001985 0.001718 0.002118 0.002379 0.001984 0.038545 0.002123 0.110078 0.002344 
0.609769 0.015008 0.012655 0.013183 0.216037 0.011687 0.011360 0.014685 0.011582 0.012559 0.013839 0.014397 0.015834 0.013340 0.014065 
0.003084 0.003774 0.003537 0.229424 0.048558 0.003771 0.004017 0.003431 0.003370 0.138545 0.002896 0.003058 0.545748 0.003235 0.003550 
Document 23
0.069119 0.064532 0.045855 0.065124 0.079624 0.056300 0.061850 0.053523 0.066008 0.074131 0.061808 0.084008 0.066160 0.078919 0.073039 
0.053121 0.074584 0.062887 0.065514 0.081219 0.058080 0.056456 0.072979 0.057555 0.062414 0.068775 0.071546 0.078685 0.066291 0.069894 
0.008401 0.010279 0.009633 0.132400 0.624731 0.010271 0.010942 0.132463 0.009179 0.007994 0.007889 0.008330 0.009009 0.008812 0.009668 
Document 24
0.180124 0.009800 0.006964 0.009890 0.012092 0.008550 0.009393 0.008128 0.688535 0.011258 0.009386 0.012758 0.010047 0.011985 0.011092 
0.026662 0.037435 0.031564 0.032882 0.040765 0.029151 0.526423 0.036629 0.028887 0.031326 0.034519 0.035910 0.039493 0.033272 0.035081 
0.021854 0.026739 0.025061 0.664710 0.023770 0.026719 0.028465 0.024308 0.023880 0.020795 0.020522 0.021671 0.023435 0.022924 0.025150 
Document 25
0.032649 0.030483 0.021660 0.030762 0.037612 0.026595 0.029216 0.025282 0.031180 0.035017 0.556828 0.039683 0.031252 0.037279 0.034501 
0.026662 0.037435 0.031564 0.032882 0.040765 0.029151 0.028336 0.036629 0.028887 0.031326 0.034519 0.035910 0.537580 0.033272 0.035081 
0.013321 0.211526 0.015276 0.014717 0.404943 0.016287 0.017351 0.210044 0.014556 0.012675 0.012509 0.013209 0.014285 0.013973 0.015330 
Document 26
0.069119 0.064532 0.045855 0.065124 0.079624 0.056300 0.061850 0.053523 0.066008 0.074131 0.061808 0.084008 0.066160 0.078919 0.073039 
0.002548 0.003578 0.812244 0.003143 0.003896 0.002786 0.145513 0.003501 0.002761 0.002994 0.003299 0.003432 0.003774 0.003180 0.003353 
0.021854 0.026739 0.025061 0.024144 0.023770 0.026719 0.028465 0.664874 0.023880 0.020795 0.020522 0.021671 0.023435 0.022924 0.025150 
Document 27
0.021373 0.019954 0.014179 0.020137 0.024621 0.017409 0.019125 0.016550 0.020411 0.022923 0.019112 0.025977 0.711242 0.024403 0.022585 
0.026662 0.037435 0.031564 0.032882 0.040765 0.029151 0.028336 0.036629 0.028887 0.529413 0.034519 0.035910 0.039493 0.033272 0.035081 
0.009580 0.011722 0.010986 0.010584 0.010420 0.011713 0.854910 0.010656 0.010468 0.009116 0.008996 0.009500 0.010274 0.010049 0.011025 
Document 28
0.015886 0.014832 0.010539 0.014968 0.018300 0.012940 0.014215 0.012301 0.015171 0.787204 0.014206 0.019308 0.015206 0.018138 0.016787 
0.026662 0.037435 0.031564 0.032882 0.040765 0.029151 0.028336 0.036629 0.028887 0.031326 0.034519 0.035910 0.537580 0.033272 0.035081 
0.032151 0.039338 0.036869 0.035520 0.034970 0.039309 0.041877 0.506962 0.035132 0.030593 0.030191 0.031882 0.034478 0.033725 0.037001 
Document 29
0.021373 0.019954 0.014179 0.020137 0.024621 0.708193 0.019125 0.016550 0.020411 0.022923 0.019112 0.025977 0.020458 0.024403 0.022585 
0.002973 0.004174 0.003519 0.447921 0.004545 0.003250 0.003159 0.004084 0.003221 0.003493 0.003849 0.503790 0.004403 0.003710 0.003911 
0.001744 0.002134 0.385414 0.129731 0.001897 0.002132 0.002272 0.180866 0.001906 0.001660 0.001638 0.001729 0.283040 0.001829 0.002007 
Document 30
0.012641 0.011802 0.008386 0.011910 0.014562 0.010296 0.828428 0.009788 0.012072 0.013557 0.011304 0.015364 0.012100 0.014433 0.013358 
0.053121 0.074584 0.062887 0.065514 0.081219 0.058080 0.056456 0.072979 0.057555 0.062414 0.068775 0.071546 0.078685 0.066291 0.069894 
0.827840 0.013636 0.012781 0.012313 0.012122 0.013626 0.014517 0.012397 0.012178 0.010605 0.010466 0.011052 0.011952 0.011691 0.012826 
Document 31
0.002961 0.002765 0.001965 0.098506 0.003412 0.002412 0.002650 0.050151 0.002828 0.003176 0.002648 0.003599 0.672843 0.146955 0.003129 
0.003147 0.004419 0.003726 0.003882 0.004812 0.003441 0.003345 0.004324 0.003410 0.003698 0.768435 0.180630 0.004662 0.003928 0.004141 
0.003568 0.004366 0.004092 0.160828 0.003881 0.004363 0.004648 0.370035 0.003899 0.003395 0.003351 0.003538 0.003826 0.003743 0.422467 
Document 32
0.069119 0.064532 0.045855 0.065124 0.079624 0.056300 0.061850 0.053523 0.066008 0.074131 0.061808 0.084008 0.066160 0.078919 0.073039 
0.005943 0.008344 0.007035 0.784443 0.009086 0.006497 0.006316 0.008164 0.006439 0.006982 0.007694 0.008004 0.119819 0.007416 0.007819 
0.009580 0.011722 0.010986 0.010584 0.431636 0.011713 0.012478 0.010656 0.431684 0.009116 0.008996 0.009500 0.010274 0.010049 0.011025 
Document 33
0.015886 0.014832 0.267261 0.271690 0.018300 0.012940 0.014215 0.012301 0.015171 0.017038 0.014206 0.019308 0.271928 0.018138 0.016787 
0.005943 0.008344 0.007035 0.784443 0.009086 0.006497 0.006316 0.008164 0.006439 0.117999 0.007694 0.008004 0.008802 0.007416 0.007819 
0.008401 0.010279 0.009633 0.255518 0.009137 0.133390 0.010942 0.378700 0.009179 0.131112 0.007889 0.008330 0.009009 0.008812 0.009668 
Document 34
0.008974 0.008379 0.005954 0.008455 0.010338 0.152337 0.008030 0.006949 0.733706 0.009625 0.008025 0.010907 0.008590 0.010247 0.009483 
0.002973 0.170769 0.003519 0.781112 0.004545 0.003250 0.003159 0.004084 0.003221 0.003493 0.003849 0.004004 0.004403 0.003710 0.003911 
0.005200 0.006362 0.005963 0.081951 0.005656 0.006357 0.006773 0.844055 0.005682 0.004948 0.004883 0.005156 0.005576 0.005454 0.005984 
Document 35
0.006956 0.006495 0.004615 0.006554 0.008014 0.005666 0.118644 0.792323 0.006643 0.007461 0.006221 0.008455 0.006659 0.007943 0.007351 
0.053121 0.074584 0.062887 0.065514 0.081219 0.058080 0.056456 0.072979 0.057555 0.062414 0.068775 0.071546 0.078685 0.066291 0.069894 
0.503351 0.039338 0.036869 0.035520 0.034970 0.039309 0.041877 0.035762 0.035132 0.030593 0.030191 0.031882 0.034478 0.033725 0.037001 
Document 36
0.010496 0.009800 0.006964 0.009890 0.012092 0.008550 0.009393 0.856267 0.010024 0.011258 0.009386 0.012758 0.010047 0.011985 0.011092 
0.053121 0.074584 0.062887 0.065514 0.081219 0.058080 0.056456 0.072979 0.057555 0.062414 0.068775 0.071546 0.078685 0.066291 0.069894 
0.008401 0.010279 0.009633 0.501756 0.009137 0.010271 0.010942 0.009344 0.009179 0.007994 0.007889 0.008330 0.009009 0.378168 0.009668 
Document 37
0.021373 0.019954 0.014179 0.020137 0.024621 0.017409 0.019125 0.016550 0.711195 0.022923 0.019112 0.025977 0.020458 0.024403 0.022585 
0.053121 0.074584 0.062887 0.065514 0.081219 0.058080 0.056456 0.072979 0.057555 0.062414 0.068775 0.071546 0.078685 0.066291 0.069894 
0.259139 0.020252 0.018981 0.503460 0.018004 0.020237 0.021560 0.018411 0.018087 0.015750 0.015543 0.016414 0.017750 0.017363 0.019049 
Document 38
0.069119 0.064532 0.045855 0.065124 0.079624 0.056300 0.061850 0.053523 0.066008 0.074131 0.061808 0.084008 0.066160 0.078919 0.073039 
0.017797 0.689952 0.021069 0.021950 0.027211 0.019459 0.018915 0.024451 0.019283 0.020911 0.023042 0.023971 0.026362 0.022210 0.023417 
0.011145 0.013636 0.012781 0.012313 0.012122 0.013626 0.504533 0.012397 0.012178 0.010605 0.010466 0.011052 0.011952 0.338369 0.012826 
Document 39
0.032649 0.030483 0.021660 0.030762 0.037612 0.026595 0.556848 0.025282 0.031180 0.035017 0.029196 0.039683 0.031252 0.037279 0.034501 
0.003147 0.239607 0.003726 0.003882 0.004812 0.003441 0.003345 0.004324 0.003410 0.415277 0.004075 0.004239 0.063459 0.003928 0.239329 
0.006741 0.008248 0.007730 0.698994 0.204917 0.008242 0.008780 0.007498 0.007366 0.006414 0.006330 0.006684 0.007229 0.007071 0.007758 
Document 40
0.004799 0.004480 0.003184 0.159617 0.160624 0.003909 0.004294 0.003716 0.004583 0.160242 0.004291 0.005832 0.004593 0.238123 0.237714 
0.006685 0.009386 0.007914 0.008244 0.010221 0.007309 0.007104 0.883344 0.007243 0.007854 0.008655 0.009003 0.009902 0.008342 0.008795 
0.006741 0.008248 0.007730 0.007447 0.600086 0.008242 0.008780 0.007498 0.303743 0.006414 0.006330 0.006684 0.007229 0.007071 0.007758 
Document 41
0.012641 0.011802 0.008386 0.011910 0.014562 0.010296 0.011311 0.009788 0.829189 0.013557 0.011304 0.015364 0.012100 0.014433 0.013358 
0.008910 0.178964 0.010548 0.010989 0.013623 0.009742 0.009469 0.012241 0.009654 0.010469 0.677350 0.012001 0.013198 0.011119 0.011723 
0.060800 0.074391 0.069723 0.067171 0.066131 0.074337 0.079193 0.067629 0.066437 0.057854 0.057094 0.060291 0.065201 0.063777 0.069971 
Document 42
0.069119 0.064532 0.045855 0.065124 0.079624 0.056300 0.061850 0.053523 0.066008 0.074131 0.061808 0.084008 0.066160 0.078919 0.073039 
0.004115 0.082656 0.004872 0.005075 0.006292 0.004499 0.004374 0.005654 0.004459 0.004835 0.389716 0.005543 0.006096 0.005135 0.466680 
0.004232 0.005178 0.004853 0.004676 0.004603 0.005174 0.067539 0.004707 0.500834 0.376184 0.003974 0.004197 0.004539 0.004439 0.004871 
Document 43
0.032649 0.030483 0.021660 0.030762 0.037612 0.026595 0.029216 0.025282 0.031180 0.035017 0.029196 0.039683 0.558884 0.037279 0.034501 
0.005349 0.007510 0.006332 0.006597 0.008178 0.205695 0.005685 0.407041 0.005795 0.006285 0.006925 0.306974 0.007923 0.006675 0.007038 
0.060800 0.074391 0.069723 0.067171 0.066131 0.074337 0.079193 0.067629 0.066437 0.057854 0.057094 0.060291 0.065201 0.063777 0.069971 
Document 44
0.006253 0.005838 0.206266 0.005892 0.007204 0.005094 0.005596 0.004842 0.410206 0.006707 0.005592 0.310776 0.005986 0.007140 0.006608 
0.005943 0.563425 0.229068 0.007329 0.009086 0.006497 0.006316 0.008164 0.006439 0.006982 0.007694 0.008004 0.119819 0.007416 0.007819 
0.226724 0.009152 0.008577 0.008264 0.008136 0.009145 0.667476 0.008320 0.008173 0.007117 0.007024 0.007417 0.008021 0.007846 0.008608 
Document 45
0.003458 0.003228 0.616982 0.003258 0.003983 0.002817 0.282498 0.002678 0.003302 0.003709 0.058973 0.004203 0.003310 0.003948 0.003654 
0.013357 0.018753 0.015812 0.016473 0.020422 0.014603 0.014195 0.018350 0.014471 0.764256 0.017293 0.017989 0.019784 0.016668 0.017574 
0.001838 0.002249 0.002108 0.325287 0.136689 0.002247 0.002394 0.379177 0.002008 0.001749 0.136416 0.001823 0.001971 0.001928 0.002115 
Document 46
0.021373 0.019954 0.014179 0.365529 0.024621 0.017409 0.019125 0.016550 0.020411 0.022923 0.019112 0.371369 0.020458 0.024403 0.022585 
0.001305 0.001833 0.001545 0.001610 0.001996 0.050199 0.001387 0.001793 0.025800 0.099076 0.001690 0.416315 0.001934 0.001629 0.391888 
0.060800 0.074391 0.069723 0.067171 0.066131 0.074337 0.079193 0.067629 0.066437 0.057854 0.057094 0.060291 0.065201 0.063777 0.069971 
Document 47
0.006956 0.006495 0.004615 0.006554 0.008014 0.005666 0.006225 0.005387 0.006643 0.007461 0.343479 0.458133 0.006659 0.120362 0.007351 
0.003821 0.005365 0.004524 0.004713 0.148622 0.004178 0.004061 0.005250 0.004140 0.075879 0.004948 0.719041 0.005660 0.004769 0.005028 
0.004832 0.005912 0.005541 0.642631 0.005255 0.005907 0.006293 0.005374 0.005279 0.004597 0.287778 0.004791 0.005181 0.005068 0.005560 
Document 48
0.001826 0.326234 0.001211 0.001720 0.297130 0.001487 0.001634 0.001414 0.001743 0.355990 0.001633 0.002219 0.001747 0.002084 0.001929 
0.002230 0.003131 0.252560 0.002750 0.003409 0.002438 0.127330 0.336290 0.002416 0.252540 0.002887 0.003003 0.003303 0.002782 0.002934 
0.006135 0.007506 0.007035 0.006778 0.006673 0.007501 0.097901 0.006824 0.815893 0.005837 0.005761 0.006083 0.006579 0.006435 0.007060 
Document 49
0.005202 0.004857 0.003451 0.004901 0.005993 0.004237 0.509058 0.004028 0.004968 0.005579 0.004652 0.006323 0.004979 0.005940 0.425832 
0.001529 0.002147 0.001810 0.001886 0.002338 0.001672 0.001625 0.002101 0.001657 0.087492 0.001980 0.401972 0.002265 0.001908 0.487620 
0.006135 0.636876 0.007035 0.006778 0.006673 0.007501 0.007991 0.006824 0.276433 0.005837 0.005761 0.006083 0.006579 0.006435 0.007060 
Document 50
0.021373 0.019954 0.014179 0.020137 0.024621 0.017409 0.364517 0.016550 0.020411 0.022923 0.019112 0.025977 0.020458 0.369795 0.022585 
0.013357 0.018753 0.015812 0.016473 0.020422 0.014603 0.014195 0.018350 0.014471 0.265214 0.017293 0.017989 0.518826 0.016668 0.017574 
0.004832 0.926445 0.005541 0.005338 0.005255 0.005907 0.006293 0.005374 0.005279 0.004597 0.004537 0.004791 0.005181 0.005068 0.005560 
Document 51
0.021373 0.019954 0.014179 0.365529 0.024621 0.017409 0.364517 0.016550 0.020411 0.022923 0.019112 0.025977 0.020458 0.024403 0.022585 
0.672041 0.230376 0.007035 0.007329 0.009086 0.006497 0.006316 0.008164 0.006439 0.006982 0.007694 0.008004 0.008802 0.007416 0.007819 
0.007480 0.118774 0.008577 0.008264 0.008136 0.009145 0.009743 0.008320 0.008173 0.445606 0.007024 0.336284 0.008021 0.007846 0.008608 
Document 52
0.272608 0.271554 0.010539 0.271690 0.018300 0.012940 0.014215 0.012301 0.015171 0.017038 0.014206 0.019308 0.015206 0.018138 0.016787 
0.001911 0.002683 0.002263 0.002357 0.002922 0.002090 0.037736 0.645307 0.002071 0.002246 0.002474 0.216801 0.074240 0.002385 0.002515 
0.002343 0.552275 0.002687 0.002588 0.105562 0.002865 0.003052 0.174296 0.002560 0.002229 0.002200 0.002323 0.139865 0.002458 0.002696 
Document 53
0.012641 0.011802 0.008386 0.011910 0.014562 0.010296 0.624149 0.009788 0.012072 0.013557 0.011304 0.219643 0.012100 0.014433 0.013358 
0.053121 0.074584 0.062887 0.065514 0.081219 0.058080 0.056456 0.072979 0.057555 0.062414 0.068775 0.071546 0.078685 0.066291 0.069894 
0.007480 0.338018 0.008577 0.008264 0.117758 0.009145 0.009743 0.008320 0.008173 0.445606 0.007024 0.007417 0.008021 0.007846 0.008608 
Document 54
0.006253 0.005838 0.004149 0.005892 0.007204 0.005094 0.005596 0.712252 0.005972 0.006707 0.005592 0.007601 0.005986 0.007140 0.208725 
0.013357 0.018753 0.015812 0.765035 0.020422 0.014603 0.014195 0.018350 0.014471 0.015693 0.017293 0.017989 0.019784 0.016668 0.017574 
0.060800 0.074391 0.069723 0.067171 0.066131 0.074337 0.079193 0.067629 0.066437 0.057854 0.057094 0.060291 0.065201 0.063777 0.069971 
Document 55
0.560281 0.030483 0.021660 0.030762 0.037612 0.026595 0.029216 0.025282 0.031180 0.035017 0.029196 0.039683 0.031252 0.037279 0.034501 
0.053121 0.074584 0.062887 0.065514 0.081219 0.058080 0.056456 0.072979 0.057555 0.062414 0.068775 0.071546 0.078685 0.066291 0.069894 
0.170615 0.006887 0.006455 0.006218 0.006122 0.006882 0.749769 0.006261 0.006151 0.005356 0.005286 0.005582 0.006036 0.005904 0.006478 
Document 56
0.007838 0.007317 0.005200 0.007385 0.009029 0.006384 0.386988 0.006069 0.007485 0.008406 0.007009 0.516159 0.007502 0.008949 0.008282 
0.004115 0.005778 0.004872 0.005075 0.006292 0.004499 0.004374 0.390042 0.004459 0.004835 0.005328 0.543686 0.006096 0.005135 0.005415 
0.004512 0.203904 0.005174 0.004985 0.004908 0.270028 0.005877 0.203402 0.004930 0.004293 0.004237 0.004474 0.269350 0.004733 0.005193 
Document 57
0.032649 0.030483 0.021660 0.030762 0.565244 0.026595 0.029216 0.025282 0.031180 0.035017 0.029196 0.039683 0.031252 0.037279 0.034501 
0.053121 0.074584 0.062887 0.065514 0.081219 0.058080 0.056456 0.072979 0.057555 0.062414 0.068775 0.071546 0.078685 0.066291 0.069894 
0.501162 0.013636 0.012781 0.012313 0.012122 0.013626 0.014517 0.012397 0.012178 0.010605 0.337144 0.011052 0.011952 0.011691 0.012826 
Document 58
0.002301 0.002148 0.373339 0.002168 0.002650 0.001874 0.373872 0.150507 0.002197 0.002468 0.002057 0.002796 0.002202 0.076990 0.002431 
0.194309 0.002890 0.002437 0.002538 0.003147 0.002250 0.002187 0.002828 0.002230 0.233119 0.079565 0.195023 0.003049 0.002568 0.271859 
0.016552 0.020252 0.018981 0.018287 0.018004 0.020237 0.021560 0.503584 0.018087 0.015750 0.258130 0.016414 0.017750 0.017363 0.019049 
Document 59
0.032649 0.030483 0.021660 0.030762 0.565244 0.026595 0.029216 0.025282 0.031180 0.035017 0.029196 0.039683 0.031252 0.037279 0.034501 
0.006685 0.009386 0.007914 0.133124 0.010221 0.007309 0.007104 0.009184 0.007243 0.007854 0.008655 0.009003 0.009902 0.008342 0.758076 
0.503351 0.039338 0.036869 0.035520 0.034970 0.039309 0.041877 0.035762 0.035132 0.030593 0.030191 0.031882 0.034478 0.033725 0.037001 
Document 60
0.267891 0.003058 0.266789 0.373549 0.003773 0.002668 0.002930 0.002536 0.003127 0.003512 0.002928 0.003980 0.003135 0.056663 0.003461 
0.512398 0.018753 0.015812 0.016473 0.020422 0.014603 0.014195 0.018350 0.014471 0.015693 0.017293 0.267510 0.019784 0.016668 0.017574 
0.008401 0.872110 0.009633 0.009281 0.009137 0.010271 0.010942 0.009344 0.009179 0.007994 0.007889 0.008330 0.009009 0.008812 0.009668 
Document 61
0.005202 0.004857 0.760055 0.004901 0.005993 0.004237 0.004655 0.004028 0.089035 0.005579 0.004652 0.006323 0.004979 0.005940 0.089564 
0.008910 0.012510 0.010548 0.010989 0.013623 0.009742 0.009469 0.012241 0.009654 0.176922 0.011536 0.012001 0.013198 0.344026 0.344630 
0.021854 0.026739 0.025061 0.344427 0.023770 0.026719 0.028465 0.024308 0.023880 0.020795 0.340805 0.021671 0.023435 0.022924 0.025150 
Document 62
0.829757 0.011802 0.008386 0.011910 0.014562 0.010296 0.011311 0.009788 0.012072 0.013557 0.011304 0.015364 0.012100 0.014433 0.013358 
0.061944 0.357201 0.180117 0.003882 0.004812 0.003441 0.297330 0.004324 0.003410 0.003698 0.004075 0.004239 0.004662 0.003928 0.062938 
0.149985 0.011722 0.010986 0.010584 0.010420 0.011713 0.012478 0.010656 0.010468 0.009116 0.149402 0.571121 0.010274 0.010049 0.011025 
Document 63
0.002961 0.002765 0.289111 0.002790 0.003412 0.576705 0.002650 0.002293 0.002828 0.003176 0.002648 0.003599 0.002835 0.099097 0.003129 
0.053121 0.074584 0.062887 0.065514 0.081219 0.058080 0.056456 0.072979 0.057555 0.062414 0.068775 0.071546 0.078685 0.066291 0.069894 
0.005629 0.006887 0.006455 0.006218 0.006122 0.006882 0.584783 0.006261 0.336123 0.005356 0.005286 0.005582 0.006036 0.005904 0.006478 
Document 64
0.012641 0.011802 0.008386 0.011910 0.831679 0.010296 0.011311 0.009788 0.012072 0.013557 0.011304 0.015364 0.012100 0.014433 0.013358 
0.053121 0.074584 0.062887 0.065514 0.081219 0.058080 0.056456 0.072979 0.057555 0.062414 0.068775 0.071546 0.078685 0.066291 0.069894 
0.009580 0.011722 0.010986 0.010584 0.010420 0.011713 0.012478 0.010656 0.010468 0.009116 0.008996 0.009500 0.852705 0.010049 0.011025 
Document 65
0.003893 0.003635 0.442965 0.003668 0.004485 0.380642 0.003484 0.003015 0.003718 0.004175 0.129305 0.004732 0.003726 0.004445 0.004114 
0.013357 0.018753 0.015812 0.016473 0.020422 0.264124 0.014195 0.018350 0.014471 0.015693 0.017293 0.517031 0.019784 0.016668 0.017574 
0.016552 0.020252 0.018981 0.018287 0.503177 0.020237 0.021560 0.018411 0.260673 0.015750 0.015543 0.016414 0.017750 0.017363 0.019049 
Document 66
0.006253 0.713248 0.004149 0.005892 0.007204 0.005094 0.005596 0.004842 0.005972 0.208824 0.005592 0.007601 0.005986 0.007140 0.006608 
0.053121 0.074584 0.062887 0.065514 0.081219 0.058080 0.056456 0.072979 0.057555 0.062414 0.068775 0.071546 0.078685 0.066291 0.069894 
0.021854 0.026739 0.025061 0.024144 0.023770 0.026719 0.028465 0.024308 0.023880 0.020795 0.020522 0.021671 0.664001 0.022924 0.025150 
Document 67
0.010496 0.349055 0.006964 0.009890 0.012092 0.008550 0.009393 0.517011 0.010024 0.011258 0.009386 0.012758 0.010047 0.011985 0.011092 
0.001845 0.002591 0.002185 0.002276 0.002821 0.346754 0.001961 0.140430 0.001999 0.002168 0.002389 0.036959 0.002733 0.002303 0.450585 
0.016552 0.020252 0.018981 0.018287 0.018004 0.020237 0.021560 0.260998 0.260673 0.015750 0.015543 0.259000 0.017750 0.017363 0.019049 
Document 68
0.010496 0.009800 0.006964 0.009890 0.351347 0.008550 0.009393 0.008128 0.010024 0.011258 0.009386 0.012758 0.518930 0.011985 0.011092 
0.053121 0.074584 0.062887 0.065514 0.081219 0.058080 0.056456 0.072979 0.057555 0.062414 0.068775 0.071546 0.078685 0.066291 0.069894 
0.009580 0.011722 0.010986 0.010584 0.010420 0.011713 0.012478 0.010656 0.010468 0.009116 0.008996 0.009500 0.852705 0.010049 0.011025 
Document 69
0.004154 0.003879 0.002756 0.003914 0.206192 0.607603 0.003717 0.137488 0.003967 0.004456 0.003715 0.005049 0.003976 0.004743 0.004390 
0.053121 0.074584 0.062887 0.065514 0.081219 0.058080 0.056456 0.072979 0.057555 0.062414 0.068775 0.071546 0.078685 0.066291 0.069894 
0.009580 0.011722 0.010986 0.010584 0.010420 0.011713 0.012478 0.853088 0.010468 0.009116 0.008996 0.009500 0.010274 0.010049 0.011025 
Document 70
0.015886 0.014832 0.010539 0.014968 0.018300 0.783106 0.014215 0.012301 0.015171 0.017038 0.014206 0.019308 0.015206 0.018138 0.016787 
0.002675 0.003756 0.003167 0.003300 0.004091 0.002925 0.002843 0.003676 0.002899 0.003143 0.253368 0.703335 0.003963 0.003339 0.003520 
0.005200 0.539808 0.005963 0.081951 0.005656 0.006357 0.006773 0.158197 0.005682 0.004948 0.004883 0.005156 0.005576 0.157867 0.005984 
Document 71
0.180124 0.009800 0.006964 0.009890 0.012092 0.008550 0.009393 0.686639 0.010024 0.011258 0.009386 0.012758 0.010047 0.011985 0.011092 
0.017797 0.024988 0.021069 0.021950 0.027211 0.019459 0.018915 0.356933 0.019283 0.020911 0.023042 0.356453 0.026362 0.022210 0.023417 
0.060800 0.074391 0.069723 0.067171 0.066131 0.074337 0.079193 0.067629 0.066437 0.057854 0.057094 0.060291 0.065201 0.063777 0.069971 
Document 72
0.146535 0.002765 0.001965 0.002790 0.003412 0.002412 0.002650 0.002293 0.002828 0.768900 0.050506 0.003599 0.002835 0.003381 0.003129 
0.017797 0.024988 0.021069 0.021950 0.027211 0.019459 0.018915 0.024451 0.019283 0.020911 0.023042 0.356453 0.026362 0.354692 0.023417 
0.170615 0.006887 0.006455 0.006218 0.006122 0.089375 0.007331 0.006261 0.006151 0.005356 0.005286 0.005582 0.006036 0.005904 0.666422 
Document 73
0.006956 0.006495 0.229454 0.006554 0.008014 0.005666 0.680741 0.005387 0.006643 0.007461 0.006221 0.008455 0.006659 0.007943 0.007351 
0.004115 0.005778 0.004872 0.005075 0.006292 0.004499 0.004374 0.005654 0.004459 0.004835 0.005328 0.928074 0.006096 0.005135 0.005415 
0.013321 0.016298 0.015276 0.014717 0.014489 0.406741 0.017351 0.014817 0.014556 0.012675 0.012509 0.013209 0.404739 0.013973 0.015330 
Document 74
0.015886 0.784998 0.010539 0.014968 0.018300 0.012940 0.014215 0.012301 0.015171 0.017038 0.014206 0.019308 0.015206 0.018138 0.016787 
0.004863 0.097673 0.005757 0.005997 0.007435 0.005317 0.005168 0.006681 0.005269 0.005714 0.006296 0.551623 0.007203 0.006069 0.278935 
0.002612 0.003196 0.079558 0.002886 0.079404 0.003194 0.003402 0.002905 0.577078 0.002485 0.040734 0.193998 0.002801 0.002740 0.003006 
Document 75
0.097462 0.005303 0.003768 0.005351 0.098326 0.004626 0.005082 0.004398 0.005424 0.006091 0.005079 0.006903 0.005436 0.006485 0.740266 
0.524749 0.037435 0.031564 0.032882 0.040765 0.029151 0.028336 0.036629 0.028887 0.031326 0.034519 0.035910 0.039493 0.033272 0.035081 
0.060800 0.074391 0.069723 0.067171 0.066131 0.074337 0.079193 0.067629 0.066437 0.057854 0.057094 0.060291 0.065201 0.063777 0.069971 
Document 76
0.021373 0.019954 0.014179 0.365529 0.024621 0.017409 0.019125 0.016550 0.020411 0.022923 0.364504 0.025977 0.020458 0.024403 0.022585 
0.058504 0.559492 0.003519 0.003666 0.004545 0.003250 0.003159 0.004084 0.003221 0.003493 0.003849 0.337195 0.004403 0.003710 0.003911 
0.003765 0.004607 0.114679 0.059340 0.004095 0.059784 0.004904 0.004188 0.721465 0.003583 0.003536 0.003734 0.004038 0.003949 0.004333 
Document 77
0.008974 0.153406 0.005954 0.008455 0.010338 0.007310 0.008030 0.732085 0.008570 0.009625 0.008025 0.010907 0.008590 0.010247 0.009483 
0.004458 0.006259 0.005277 0.005498 0.006816 0.004874 0.004738 0.255964 0.004830 0.421638 0.089052 0.006004 0.173163 0.005563 0.005865 
0.003084 0.003774 0.003537 0.003408 0.500592 0.003771 0.004017 0.003431 0.003370 0.002935 0.002896 0.274279 0.184121 0.003235 0.003550 
Document 78
0.007838 0.007317 0.131858 0.007385 0.009029 0.006384 0.007013 0.006069 0.007485 0.261722 0.513642 0.009526 0.007502 0.008949 0.008282 
0.013357 0.018753 0.015812 0.016473 0.020422 0.014603 0.014195 0.018350 0.014471 0.265214 0.017293 0.267510 0.019784 0.016668 0.267095 
0.032151 0.039338 0.036869 0.035520 0.034970 0.039309 0.513078 0.035762 0.035132 0.030593 0.030191 0.031882 0.034478 0.033725 0.037001 
Document 79
0.004799 0.004480 0.003184 0.004521 0.005528 0.003909 0.004294 0.003716 0.004583 0.005147 0.004291 0.005832 0.004593 0.936053 0.005071 
0.006685 0.009386 0.007914 0.008244 0.010221 0.881469 0.007104 0.009184 0.007243 0.007854 0.008655 0.009003 0.009902 0.008342 0.008795 
0.005629 0.584338 0.006455 0.006218 0.006122 0.006882 0.007331 0.006261 0.006151 0.335328 0.005286 0.005582 0.006036 0.005904 0.006478 
Document 80
0.015886 0.014832 0.010539 0.014968 0.018300 0.526384 0.014215 0.012301 0.015171 0.017038 0.014206 0.276030 0.015206 0.018138 0.016787 
0.004458 0.089539 0.005277 0.005498 0.006816 0.421274 0.004738 0.006124 0.004830 0.005238 0.005772 0.006004 0.006603 0.005563 0.422266 
0.060800 0.074391 0.069723 0.067171 0.066131 0.074337 0.079193 0.067629 0.066437 0.057854 0.057094 0.060291 0.065201 0.063777 0.069971 
Document 81
0.032649 0.030483 0.021660 0.558394 0.037612 0.026595 0.029216 0.025282 0.031180 0.035017 0.029196 0.039683 0.031252 0.037279 0.034501 
0.005943 0.008344 0.007035 0.007329 0.009086 0.006497 0.006316 0.119181 0.006439 0.006982 0.007694 0.008004 0.785917 0.007416 0.007819 
0.021854 0.026739 0.025061 0.344427 0.023770 0.026719 0.028465 0.344591 0.023880 0.020795 0.020522 0.021671 0.023435 0.022924 0.025150 
Document 82
0.021373 0.710738 0.014179 0.020137 0.024621 0.017409 0.019125 0.016550 0.020411 0.022923 0.019112 0.025977 0.020458 0.024403 0.022585 
0.003344 0.004695 0.378779 0.004124 0.005113 0.378476 0.003554 0.004594 0.003623 0.003929 0.191739 0.004504 0.004953 0.004173 0.004400 
0.006135 0.007506 0.007035 0.006778 0.006673 0.007501 0.907090 0.006824 0.006703 0.005837 0.005761 0.006083 0.006579 0.006435 0.007060 
Document 83
0.069119 0.064532 0.045855 0.065124 0.079624 0.056300 0.061850 0.053523 0.066008 0.074131 0.061808 0.084008 0.066160 0.078919 0.073039 
0.006685 0.009386 0.007914 0.008244 0.135101 0.007309 0.381745 0.009184 0.007243 0.007854 0.008655 0.009003 0.134782 0.008342 0.258556 
0.146452 0.147532 0.076351 0.005338 0.005255 0.005907 0.077103 0.005374 0.005279 0.004597 0.358589 0.004791 0.146802 0.005068 0.005560 
Document 84
0.069119 0.064532 0.045855 0.065124 0.079624 0.056300 0.061850 0.053523 0.066008 0.074131 0.061808 0.084008 0.066160 0.078919 0.073039 
0.064334 0.001193 0.001006 0.048661 0.160010 0.000929 0.000903 0.286847 0.000920 0.000998 0.191553 0.239210 0.001258 0.001060 0.001118 
0.003568 0.004366 0.004092 0.160828 0.056176 0.004363 0.213828 0.265445 0.003899 0.003395 0.003351 0.003538 0.265302 0.003743 0.004106 
Document 85
0.069119 0.064532 0.045855 0.065124 0.079624 0.056300 0.061850 0.053523 0.066008 0.074131 0.061808 0.084008 0.066160 0.078919 0.073039 
0.053121 0.074584 0.062887 0.065514 0.081219 0.058080 0.056456 0.072979 0.057555 0.062414 0.068775 0.071546 0.078685 0.066291 0.069894 
0.462439 0.006362 0.005963 0.005745 0.005656 0.006357 0.311599 0.005784 0.005682 0.004948 0.004883 0.005156 0.005576 0.157867 0.005984 
Document 86
0.015886 0.271554 0.010539 0.014968 0.018300 0.526384 0.014215 0.012301 0.015171 0.017038 0.014206 0.019308 0.015206 0.018138 0.016787 
0.082116 0.003005 0.002534 0.002640 0.003273 0.002340 0.002275 0.002941 0.082295 0.282429 0.002771 0.242809 0.003171 0.002671 0.282730 
0.007480 0.009152 0.008577 0.885241 0.008136 0.009145 0.009743 0.008320 0.008173 0.007117 0.007024 0.007417 0.008021 0.007846 0.008608 
Document 87
0.032649 0.558115 0.021660 0.030762 0.037612 0.026595 0.029216 0.025282 0.031180 0.035017 0.029196 0.039683 0.031252 0.037279 0.034501 
0.002058 0.002890 0.002437 0.040989 0.349198 0.002250 0.002187 0.002828 0.002230 0.002418 0.041115 0.464174 0.003049 0.002568 0.079608 
0.016552 0.020252 0.018981 0.018287 0.018004 0.020237 0.021560 0.018411 0.018087 0.015750 0.743303 0.016414 0.017750 0.017363 0.019049 
Document 88
0.015886 0.014832 0.010539 0.014968 0.275023 0.526384 0.014215 0.012301 0.015171 0.017038 0.014206 0.019308 0.015206 0.018138 0.016787 
0.089254 0.003267 0.002754 0.002869 0.003557 0.002544 0.002473 0.220515 0.002521 0.002734 0.003012 0.003134 0.177301 0.437541 0.046525 
0.005200 0.006362 0.005963 0.005745 0.005656 0.006357 0.006773 0.005784 0.615334 0.004948 0.004883 0.005156 0.005576 0.310280 0.005984 
Document 89
0.015886 0.014832 0.010539 0.014968 0.275023 0.012940 0.014215 0.012301 0.015171 0.017038 0.014206 0.019308 0.528650 0.018138 0.016787 
0.010689 0.015008 0.012655 0.013183 0.016344 0.011687 0.011360 0.014685 0.011582 0.012559 0.013839 0.014397 0.015834 0.013340 0.812837 
0.006741 0.107040 0.007730 0.007447 0.007332 0.008242 0.008780 0.106290 0.007366 0.006414 0.006330 0.006684 0.007229 0.698618 0.007758 
Document 90
0.069119 0.064532 0.045855 0.065124 0.079624 0.056300 0.061850 0.053523 0.066008 0.074131 0.061808 0.084008 0.066160 0.078919 0.073039 
0.053121 0.074584 0.062887 0.065514 0.081219 0.058080 0.056456 0.072979 0.057555 0.062414 0.068775 0.071546 0.078685 0.066291 0.069894 
0.004512 0.071648 0.401941 0.004985 0.004908 0.005517 0.005877 0.005019 0.137186 0.070421 0.268748 0.004474 0.004839 0.004733 0.005193 
Document 91
0.069119 0.064532 0.045855 0.065124 0.079624 0.056300 0.061850 0.053523 0.066008 0.074131 0.061808 0.084008 0.066160 0.078919 0.073039 
0.003147 0.004419 0.003726 0.003882 0.004812 0.003441 0.003345 0.592294 0.003410 0.003698 0.004075 0.357021 0.004662 0.003928 0.004141 
0.060800 0.074391 0.069723 0.067171 0.066131 0.074337 0.079193 0.067629 0.066437 0.057854 0.057094 0.060291 0.065201 0.063777 0.069971 
Document 92
0.015886 0.014832 0.010539 0.014968 0.018300 0.012940 0.014215 0.012301 0.015171 0.017038 0.014206 0.019308 0.015206 0.788305 0.016787 
0.053121 0.074584 0.062887 0.065514 0.081219 0.058080 0.056456 0.072979 0.057555 0.062414 0.068775 0.071546 0.078685 0.066291 0.069894 
0.007480 0.009152 0.118200 0.008264 0.008136 0.009145 0.009743 0.117942 0.008173 0.007117 0.664757 0.007417 0.008021 0.007846 0.008608 
Document 93
0.069119 0.064532 0.045855 0.065124 0.079624 0.056300 0.061850 0.053523 0.066008 0.074131 0.061808 0.084008 0.066160 0.078919 0.073039 
0.003147 0.004419 0.003726 0.356663 0.004812 0.003441 0.003345 0.004324 0.003410 0.356480 0.004075 0.239427 0.004662 0.003928 0.004141 
0.060800 0.074391 0.069723 0.067171 0.066131 0.074337 0.079193 0.067629 0.066437 0.057854 0.057094 0.060291 0.065201 0.063777 0.069971 
Document 94
0.069119 0.064532 0.045855 0.065124 0.079624 0.056300 0.061850 0.053523 0.066008 0.074131 0.061808 0.084008 0.066160 0.078919 0.073039 
0.026662 0.037435 0.031564 0.032882 0.538852 0.029151 0.028336 0.036629 0.028887 0.031326 0.034519 0.035910 0.039493 0.033272 0.035081 
0.006741 0.008248 0.007730 0.007447 0.007332 0.008242 0.799119 0.007498 0.007366 0.006414 0.105122 0.006684 0.007229 0.007071 0.007758 
Document 95
