d_0 d0 0.345566 0.235474 0.418960 
d_1 d1 0.706667 0.066667 0.226667 
d_2 d2 0.031447 0.257862 0.710692 
d_3 d3 0.541126 0.125541 0.333333 
d_4 d4 0.019608 0.725490 0.254902 
d_5 d5 0.210256 0.702564 0.087179 
d_6 d6 0.333333 0.468165 0.198502 
d_7 d7 0.066667 0.631373 0.301961 
d_8 d8 0.066667 0.866667 0.066667 
d_9 d9 0.031447 0.937107 0.031447 
d_10 d10 0.214815 0.748148 0.037037 
d_11 d11 0.284607 0.616833 0.098560 
d_12 d12 0.015873 0.320635 0.663492 
d_13 d13 0.066667 0.226667 0.706667 
d_14 d14 0.013333 0.493333 0.493333 
d_15 d15 0.629630 0.185185 0.185185 
d_16 d16 0.587302 0.282540 0.130159 
d_17 d17 0.593074 0.125541 0.281385 
d_18 d18 0.515982 0.022831 0.461187 
d_19 d19 0.050147 0.687316 0.262537 
d_20 d20 0.269333 0.493333 0.237333 
d_21 d21 0.288390 0.018727 0.692884 
d_22 d22 0.514867 0.082942 0.402191 
d_23 d23 0.050505 0.050505 0.898990 
d_24 d24 0.585586 0.153153 0.261261 
d_25 d25 0.195402 0.195402 0.609195 
d_26 d26 0.017921 0.878136 0.103943 
d_27 d27 0.235772 0.138211 0.626016 
d_28 d28 0.546667 0.226667 0.226667 
d_29 d29 0.041488 0.298999 0.659514 
d_30 d30 0.430894 0.040650 0.528455 
d_31 d31 0.369532 0.297134 0.333333 
d_32 d32 0.027322 0.551913 0.420765 
d_33 d33 0.177489 0.437229 0.385281 
d_34 d34 0.177011 0.480460 0.342529 
d_35 d35 0.821138 0.040650 0.138211 
d_36 d36 0.408805 0.031447 0.559748 
d_37 d37 0.386667 0.066667 0.546667 
d_38 d38 0.050505 0.292929 0.656566 
d_39 d39 0.051988 0.602446 0.345566 
d_40 d40 0.424501 0.253561 0.321937 
d_41 d41 0.430894 0.528455 0.040650 
d_42 d42 0.014749 0.439528 0.545723 
d_43 d43 0.125926 0.837037 0.037037 
d_44 d44 0.358730 0.320635 0.320635 
d_45 d45 0.304221 0.059680 0.636099 
d_46 d46 0.055877 0.934489 0.009634 
d_47 d47 0.238771 0.380615 0.380615 
d_48 d48 0.496902 0.348203 0.154895 
d_49 d49 0.202963 0.611852 0.185185 
d_50 d50 0.125541 0.177489 0.696970 
d_51 d51 0.125541 0.437229 0.437229 
d_52 d52 0.057665 0.462729 0.479606 
d_53 d53 0.333333 0.031447 0.635220 
d_54 d54 0.710692 0.257862 0.031447 
d_55 d55 0.106918 0.031447 0.861635 
d_56 d56 0.216545 0.362530 0.420925 
d_57 d57 0.195402 0.057471 0.747126 
d_58 d58 0.478130 0.460030 0.061840 
d_59 d59 0.138211 0.723577 0.138211 
d_60 d60 0.629630 0.116809 0.253561 
d_61 d61 0.593074 0.281385 0.125541 
d_62 d62 0.162080 0.602446 0.235474 
d_63 d63 0.633075 0.012920 0.354005 
d_64 d64 0.392593 0.037037 0.570370 
d_65 d65 0.692884 0.153558 0.153558 
d_66 d66 0.768707 0.034014 0.197279 
d_67 d67 0.145414 0.762864 0.091723 
d_68 d68 0.442177 0.034014 0.523810 
d_69 d69 0.678431 0.019608 0.301961 
d_70 d70 0.096927 0.550827 0.352246 
d_71 d71 0.656566 0.292929 0.050505 
d_72 d72 0.596107 0.070560 0.333333 
d_73 d73 0.333333 0.491749 0.174917 
d_74 d74 0.087049 0.265393 0.647558 
d_75 d75 0.850340 0.115646 0.034014 
d_76 d76 0.064877 0.467562 0.467562 
d_77 d77 0.163482 0.290870 0.545648 
d_78 d78 0.605442 0.278912 0.115646 
d_79 d79 0.397333 0.237333 0.365333 
d_80 d80 0.224044 0.748634 0.027322 
d_81 d81 0.115646 0.687075 0.197279 
d_82 d82 0.085546 0.545723 0.368732 
d_83 d83 0.019608 0.349020 0.631373 
d_84 d84 0.005128 0.768205 0.226667 
d_85 d85 0.031447 0.031447 0.937107 
d_86 d86 0.094253 0.673563 0.232184 
d_87 d87 0.046832 0.840220 0.112948 
d_88 d88 0.089325 0.586057 0.324619 
d_89 d89 0.198068 0.256039 0.545894 
d_90 d90 0.027322 0.027322 0.945355 
d_91 d91 0.024155 0.951691 0.024155 
d_92 d92 0.278912 0.034014 0.687075 
d_93 d93 0.024155 0.951691 0.024155 
d_94 d94 0.037037 0.125926 0.837037 
d_95 d95 0.056106 0.056106 0.887789 
d_96 d96 0.077626 0.625571 0.296804 
d_97 d97 0.664303 0.040189 0.295508 
d_98 d98 0.182390 0.031447 0.786164 
d_99 d99 0.333333 0.182390 0.484277 
d_100 d100 0.115646 0.687075 0.197279 
d_101 d101 0.140893 0.759450 0.099656 
d_102 d102 0.037037 0.925926 0.037037 
d_103 d103 0.425819 0.078998 0.495183 
d_104 d104 0.021645 0.904762 0.073593 
d_105 d105 0.370998 0.303202 0.325800 
d_106 d106 0.040650 0.528455 0.430894 
d_107 d107 0.014749 0.404130 0.581121 
d_108 d108 0.179063 0.212121 0.608815 
d_109 d109 0.037037 0.925926 0.037037 
d_110 d110 0.410468 0.377410 0.212121 
d_111 d111 0.027322 0.027322 0.945355 
d_112 d112 0.040650 0.138211 0.821138 
d_113 d113 0.256039 0.256039 0.487923 
d_114 d114 0.380117 0.380117 0.239766 
d_115 d115 0.678431 0.160784 0.160784 
d_116 d116 0.197279 0.768707 0.034014 
d_117 d117 0.382263 0.492355 0.125382 
d_118 d118 0.430894 0.040650 0.528455 
d_119 d119 0.404130 0.439528 0.156342 
d_120 d120 0.029240 0.099415 0.871345 
d_121 d121 0.053968 0.358730 0.587302 
d_122 d122 0.387632 0.333333 0.279035 
d_123 d123 0.069959 0.810700 0.119342 
d_124 d124 0.146563 0.411154 0.442283 
d_125 d125 0.265393 0.545648 0.188960 
d_126 d126 0.690632 0.298475 0.010893 
d_127 d127 0.168724 0.810700 0.020576 
d_128 d128 0.182390 0.786164 0.031447 
d_129 d129 0.243446 0.692884 0.063670 
d_130 d130 0.016502 0.333333 0.650165 
d_131 d131 0.040650 0.528455 0.430894 
d_132 d132 0.396078 0.490196 0.113725 
d_133 d133 0.281385 0.333333 0.385281 
d_134 d134 0.034014 0.278912 0.687075 
d_135 d135 0.045045 0.153153 0.801802 
d_136 d136 0.057471 0.057471 0.885057 
d_137 d137 0.517949 0.456410 0.025641 
d_138 d138 0.301333 0.621333 0.077333 
d_139 d139 0.171717 0.050505 0.777778 
d_140 d140 0.273854 0.377943 0.348203 
d_141 d141 0.198777 0.712538 0.088685 
d_142 d142 0.226667 0.066667 0.706667 
d_143 d143 0.014749 0.758112 0.227139 
d_144 d144 0.140097 0.835749 0.024155 
d_145 d145 0.171717 0.050505 0.777778 
d_146 d146 0.099757 0.216545 0.683698 
d_147 d147 0.171717 0.050505 0.777778 
d_148 d148 0.476584 0.245179 0.278237 
d_149 d149 0.025641 0.025641 0.948718 
d_150 d150 0.476584 0.013774 0.509642 
d_151 d151 0.271795 0.456410 0.271795 
d_152 d152 0.169765 0.363073 0.467162 
d_153 d153 0.112948 0.542700 0.344353 
d_154 d154 0.759450 0.223368 0.017182 
d_155 d155 0.252525 0.107071 0.640404 
d_156 d156 0.513109 0.063670 0.423221 
d_157 d157 0.130159 0.396825 0.473016 
d_158 d158 0.257862 0.031447 0.710692 
d_159 d159 0.045045 0.045045 0.909910 
d_160 d160 0.140893 0.140893 0.718213 
d_161 d161 0.037037 0.037037 0.925926 
d_162 d162 0.570957 0.174917 0.254125 
d_163 d163 0.060932 0.663082 0.275986 
d_164 d164 0.020576 0.958848 0.020576 
d_165 d165 0.266998 0.565506 0.167496 
d_166 d166 0.024155 0.835749 0.140097 
d_167 d167 0.415638 0.069959 0.514403 
d_168 d168 0.477477 0.261261 0.261261 
d_169 d169 0.408805 0.257862 0.333333 
d_170 d170 0.014749 0.687316 0.297935 
d_171 d171 0.794486 0.192982 0.012531 
d_172 d172 0.010101 0.276768 0.713131 
d_173 d173 0.125382 0.785933 0.088685 
d_174 d174 0.388316 0.512027 0.099656 
d_175 d175 0.027322 0.683060 0.289617 
d_176 d176 0.160360 0.549550 0.290090 
d_177 d177 0.461187 0.187215 0.351598 
d_178 d178 0.015873 0.701587 0.282540 
d_179 d179 0.333333 0.528455 0.138211 
d_180 d180 0.256039 0.140097 0.603865 
d_181 d181 0.099415 0.029240 0.871345 
d_182 d182 0.214815 0.303704 0.481481 
d_183 d183 0.027322 0.486339 0.486339 
d_184 d184 0.153153 0.801802 0.045045 
d_185 d185 0.045045 0.045045 0.909910 
d_186 d186 0.590643 0.169591 0.239766 
d_187 d187 0.261261 0.261261 0.477477 
d_188 d188 0.528455 0.333333 0.138211 
d_189 d189 0.125926 0.303704 0.570370 
d_190 d190 0.351598 0.296804 0.351598 
d_191 d191 0.037037 0.392593 0.570370 
d_192 d192 0.484277 0.031447 0.484277 
d_193 d193 0.242009 0.515982 0.242009 
d_194 d194 0.060932 0.534050 0.405018 
d_195 d195 0.274074 0.345185 0.380741 
d_196 d196 0.048093 0.446103 0.505804 
d_197 d197 0.031447 0.408805 0.559748 
d_198 d198 0.077626 0.515982 0.406393 
d_199 d199 0.025641 0.333333 0.641026 
d_200 d200 0.278912 0.605442 0.115646 
d_201 d201 0.021645 0.593074 0.385281 
d_202 d202 0.007974 0.601276 0.390750 
d_203 d203 0.031447 0.861635 0.106918 
d_204 d204 0.015873 0.968254 0.015873 
d_205 d205 0.024155 0.545894 0.429952 
d_206 d206 0.057471 0.609195 0.333333 
d_207 d207 0.450292 0.450292 0.099415 
d_208 d208 0.723577 0.235772 0.040650 
d_209 d209 0.125926 0.303704 0.570370 
d_210 d210 0.931973 0.034014 0.034014 
d_211 d211 0.031447 0.408805 0.559748 
d_212 d212 0.011494 0.866667 0.121839 
d_213 d213 0.021645 0.281385 0.696970 
d_214 d214 0.477477 0.153153 0.369369 
d_215 d215 0.749104 0.232975 0.017921 
d_216 d216 0.082126 0.256039 0.661836 
d_217 d217 0.066667 0.066667 0.866667 
d_218 d218 0.079365 0.079365 0.841270 
d_219 d219 0.292929 0.292929 0.414141 
d_220 d220 0.507246 0.482402 0.010352 
d_221 d221 0.039080 0.949425 0.011494 
d_222 d222 0.077333 0.333333 0.589333 
d_223 d223 0.333333 0.420925 0.245742 
d_224 d224 0.031308 0.495396 0.473297 
d_225 d225 0.723577 0.138211 0.138211 
d_226 d226 0.138211 0.430894 0.430894 
d_227 d227 0.408805 0.257862 0.333333 
d_228 d228 0.079365 0.460317 0.460317 
d_229 d229 0.477477 0.477477 0.045045 
d_230 d230 0.037037 0.570370 0.392593 
d_231 d231 0.057471 0.885057 0.057471 
d_232 d232 0.045045 0.909910 0.045045 
d_233 d233 0.378277 0.153558 0.468165 
d_234 d234 0.162080 0.675841 0.162080 
d_235 d235 0.027322 0.748634 0.224044 
d_236 d236 0.448029 0.275986 0.275986 
d_237 d237 0.761317 0.020576 0.218107 
d_238 d238 0.066667 0.226667 0.706667 
d_239 d239 0.031447 0.861635 0.106918 
d_240 d240 0.106918 0.257862 0.635220 
d_241 d241 0.309942 0.099415 0.590643 
d_242 d242 0.732194 0.082621 0.185185 
d_243 d243 0.918699 0.040650 0.040650 
d_244 d244 0.287356 0.673563 0.039080 
d_245 d245 0.243446 0.513109 0.243446 
d_246 d246 0.523810 0.115646 0.360544 
d_247 d247 0.948718 0.025641 0.025641 
d_248 d248 0.659259 0.303704 0.037037 
d_249 d249 0.510324 0.191740 0.297935 
d_250 d250 0.177489 0.229437 0.593074 
d_251 d251 0.045045 0.477477 0.477477 
d_252 d252 0.103943 0.534050 0.362007 
d_253 d253 0.479319 0.333333 0.187348 
d_254 d254 0.605442 0.360544 0.034014 
d_255 d255 0.125926 0.037037 0.837037 
d_256 d256 0.243446 0.018727 0.737828 
d_257 d257 0.866667 0.066667 0.066667 
d_258 d258 0.971510 0.014245 0.014245 
d_259 d259 0.748634 0.027322 0.224044 
d_260 d260 0.610561 0.333333 0.056106 
d_261 d261 0.058419 0.553265 0.388316 
d_262 d262 0.085546 0.651917 0.262537 
d_263 d263 0.303704 0.303704 0.392593 
d_264 d264 0.570957 0.412541 0.016502 
d_265 d265 0.208103 0.384899 0.406998 
d_266 d266 0.369369 0.585586 0.045045 
d_267 d267 0.053968 0.511111 0.434921 
d_268 d268 0.053968 0.282540 0.663492 
d_269 d269 0.125382 0.272171 0.602446 
d_270 d270 0.007032 0.918425 0.074543 
d_271 d271 0.195402 0.609195 0.195402 
d_272 d272 0.169591 0.660819 0.169591 
d_273 d273 0.267490 0.316872 0.415638 
d_274 d274 0.937107 0.031447 0.031447 
d_275 d275 0.034014 0.605442 0.360544 
d_276 d276 0.045045 0.045045 0.909910 
d_277 d277 0.066667 0.706667 0.226667 
d_278 d278 0.170068 0.333333 0.496599 
d_279 d279 0.045045 0.369369 0.585586 
d_280 d280 0.577061 0.060932 0.362007 
d_281 d281 0.020576 0.218107 0.761317 
d_282 d282 0.082828 0.155556 0.761616 
d_283 d283 0.528455 0.040650 0.430894 
d_284 d284 0.173579 0.394777 0.431644 
d_285 d285 0.013333 0.173333 0.813333 
d_286 d286 0.297935 0.297935 0.404130 
d_287 d287 0.523810 0.343358 0.132832 
d_288 d288 0.021645 0.073593 0.904762 
d_289 d289 0.138211 0.821138 0.040650 
d_290 d290 0.203604 0.700901 0.095495 
d_291 d291 0.056106 0.887789 0.056106 
d_292 d292 0.275986 0.534050 0.189964 
d_293 d293 0.125382 0.859327 0.015291 
d_294 d294 0.099757 0.829684 0.070560 
d_295 d295 0.253133 0.523810 0.223058 
d_296 d296 0.082126 0.198068 0.719807 
d_297 d297 0.012920 0.322997 0.664083 
d_298 d298 0.385281 0.073593 0.541126 
d_299 d299 0.145414 0.413870 0.440716 
d_300 d300 0.278237 0.476584 0.245179 
d_301 d301 0.021645 0.073593 0.904762 
d_302 d302 0.484277 0.484277 0.031447 
d_303 d303 0.318996 0.232975 0.448029 
d_304 d304 0.136951 0.540052 0.322997 
d_305 d305 0.197279 0.034014 0.768707 
d_306 d306 0.177489 0.541126 0.281385 
d_307 d307 0.195402 0.195402 0.609195 
d_308 d308 0.066667 0.508046 0.425287 
d_309 d309 0.887179 0.087179 0.025641 
d_310 d310 0.007407 0.487407 0.505185 
d_311 d311 0.885057 0.057471 0.057471 
d_312 d312 0.015291 0.235474 0.749235 
d_313 d313 0.283644 0.407867 0.308489 
d_314 d314 0.245179 0.641873 0.112948 
d_315 d315 0.253133 0.102757 0.644110 
d_316 d316 0.506045 0.070812 0.423143 
d_317 d317 0.440936 0.342690 0.216374 
d_318 d318 0.206349 0.511111 0.282540 
d_319 d319 0.394872 0.333333 0.271795 
d_320 d320 0.158470 0.551913 0.289617 
d_321 d321 0.024155 0.951691 0.024155 
d_322 d322 0.195145 0.520075 0.284781 
d_323 d323 0.477477 0.261261 0.261261 
d_324 d324 0.351598 0.022831 0.625571 
d_325 d325 0.549550 0.225225 0.225225 
d_326 d326 0.316872 0.069959 0.613169 
d_327 d327 0.066667 0.866667 0.066667 
d_328 d328 0.198502 0.737828 0.063670 
d_329 d329 0.037037 0.837037 0.125926 
d_330 d330 0.871345 0.029240 0.099415 
d_331 d331 0.748148 0.214815 0.037037 
d_332 d332 0.585586 0.261261 0.153153 
d_333 d333 0.281385 0.281385 0.437229 
d_334 d334 0.314010 0.314010 0.371981 
d_335 d335 0.398198 0.225225 0.376577 
d_336 d336 0.025641 0.641026 0.333333 
d_337 d337 0.235772 0.138211 0.626016 
d_338 d338 0.414141 0.292929 0.292929 
d_339 d339 0.487923 0.371981 0.140097 
d_340 d340 0.559748 0.031447 0.408805 
d_341 d341 0.380117 0.380117 0.239766 
d_342 d342 0.378277 0.602996 0.018727 
d_343 d343 0.626016 0.235772 0.138211 
d_344 d344 0.356125 0.458689 0.185185 
d_345 d345 0.318996 0.663082 0.017921 
d_346 d346 0.073593 0.229437 0.696970 
d_347 d347 0.113725 0.678431 0.207843 
d_348 d348 0.092896 0.158470 0.748634 
d_349 d349 0.504841 0.089903 0.405256 
d_350 d350 0.837037 0.125926 0.037037 
d_351 d351 0.045045 0.153153 0.801802 
d_352 d352 0.663082 0.017921 0.318996 
d_353 d353 0.432712 0.209110 0.358178 
d_354 d354 0.082828 0.325253 0.591919 
d_355 d355 0.120944 0.616519 0.262537 
d_356 d356 0.616519 0.156342 0.227139 
d_357 d357 0.879781 0.027322 0.092896 
d_358 d358 0.077626 0.844749 0.077626 
d_359 d359 0.029240 0.029240 0.941520 
d_360 d360 0.735160 0.242009 0.022831 
d_361 d361 0.022831 0.187215 0.789954 
d_362 d362 0.535354 0.414141 0.050505 
d_363 d363 0.019608 0.160784 0.819608 
d_364 d364 0.050505 0.898990 0.050505 
d_365 d365 0.222880 0.483235 0.293886 
d_366 d366 0.060932 0.835125 0.103943 
d_367 d367 0.171717 0.535354 0.292929 
d_368 d368 0.034014 0.034014 0.931973 
d_369 d369 0.198502 0.423221 0.378277 
d_370 d370 0.318996 0.491039 0.189964 
d_371 d371 0.262537 0.581121 0.156342 
d_372 d372 0.360637 0.237770 0.401593 
d_373 d373 0.087179 0.579487 0.333333 
d_374 d374 0.424501 0.390313 0.185185 
d_375 d375 0.148718 0.825641 0.025641 
d_376 d376 0.050505 0.777778 0.171717 
d_377 d377 0.377410 0.608815 0.013774 
d_378 d378 0.941520 0.029240 0.029240 
d_379 d379 0.224044 0.420765 0.355191 
d_380 d380 0.749104 0.017921 0.232975 
d_381 d381 0.806803 0.006803 0.186395 
d_382 d382 0.821138 0.138211 0.040650 
d_383 d383 0.191740 0.581121 0.227139 
d_384 d384 0.196311 0.638999 0.164690 
d_385 d385 0.692884 0.018727 0.288390 
d_386 d386 0.730994 0.239766 0.029240 
d_387 d387 0.759450 0.058419 0.182131 
d_388 d388 0.014245 0.698006 0.287749 
d_389 d389 0.423221 0.018727 0.558052 
d_390 d390 0.045045 0.153153 0.801802 
d_391 d391 0.360544 0.115646 0.523810 
d_392 d392 0.138211 0.821138 0.040650 
d_393 d393 0.748148 0.214815 0.037037 
d_394 d394 0.386667 0.066667 0.546667 
d_395 d395 0.523810 0.034014 0.442177 
d_396 d396 0.360544 0.115646 0.523810 
d_397 d397 0.898990 0.050505 0.050505 
d_398 d398 0.570370 0.037037 0.392593 
d_399 d399 0.737828 0.153558 0.108614 
d_400 d400 0.040650 0.138211 0.821138 
d_401 d401 0.171717 0.292929 0.535354 
d_402 d402 0.635220 0.333333 0.031447 
d_403 d403 0.414141 0.050505 0.535354 
d_404 d404 0.037037 0.303704 0.659259 
d_405 d405 0.892063 0.015873 0.092063 
d_406 d406 0.135314 0.056106 0.808581 
d_407 d407 0.149425 0.425287 0.425287 
d_408 d408 0.675841 0.015291 0.308869 
d_409 d409 0.437229 0.489177 0.073593 
d_410 d410 0.659259 0.303704 0.037037 
d_411 d411 0.182390 0.786164 0.031447 
d_412 d412 0.593074 0.385281 0.021645 
d_413 d413 0.570370 0.214815 0.214815 
d_414 d414 0.309942 0.660819 0.029240 
d_415 d415 0.012531 0.523810 0.463659 
d_416 d416 0.021645 0.281385 0.696970 
d_417 d417 0.541126 0.333333 0.125541 
d_418 d418 0.037037 0.037037 0.925926 
d_419 d419 0.017921 0.663082 0.318996 
d_420 d420 0.140097 0.140097 0.719807 
d_421 d421 0.010893 0.559913 0.429194 
d_422 d422 0.450292 0.520468 0.029240 
d_423 d423 0.057471 0.057471 0.885057 
d_424 d424 0.613169 0.218107 0.168724 
d_425 d425 0.349020 0.490196 0.160784 
d_426 d426 0.008460 0.556684 0.434856 
d_427 d427 0.232975 0.362007 0.405018 
d_428 d428 0.459566 0.104536 0.435897 
d_429 d429 0.069374 0.759729 0.170897 
d_430 d430 0.119342 0.218107 0.662551 
d_431 d431 0.235474 0.712538 0.051988 
d_432 d432 0.053968 0.739683 0.206349 
d_433 d433 0.931973 0.034014 0.034014 
d_434 d434 0.128954 0.391727 0.479319 
d_435 d435 0.551913 0.027322 0.420765 
d_436 d436 0.027322 0.420765 0.551913 
d_437 d437 0.015291 0.822630 0.162080 
d_438 d438 0.182390 0.333333 0.484277 
d_439 d439 0.333333 0.040650 0.626016 
d_440 d440 0.281385 0.229437 0.489177 
d_441 d441 0.659259 0.303704 0.037037 
d_442 d442 0.561254 0.014245 0.424501 
d_443 d443 0.235772 0.723577 0.040650 
d_444 d444 0.351598 0.406393 0.242009 
d_445 d445 0.198502 0.288390 0.513109 
d_446 d446 0.079365 0.269841 0.650794 
d_447 d447 0.057471 0.885057 0.057471 
d_448 d448 0.333333 0.106918 0.559748 
d_449 d449 0.290090 0.311712 0.398198 
d_450 d450 0.007825 0.683881 0.308294 
d_451 d451 0.050505 0.171717 0.777778 
d_452 d452 0.045045 0.801802 0.153153 
d_453 d453 0.531353 0.214521 0.254125 
d_454 d454 0.333333 0.482402 0.184265 
d_455 d455 0.316166 0.281831 0.402003 
d_456 d456 0.333333 0.407867 0.258799 
d_457 d457 0.402697 0.448940 0.148362 
d_458 d458 0.148718 0.025641 0.825641 
d_459 d459 0.022831 0.296804 0.680365 
d_460 d460 0.037037 0.570370 0.392593 
d_461 d461 0.418960 0.455657 0.125382 
d_462 d462 0.195402 0.747126 0.057471 
d_463 d463 0.172260 0.494407 0.333333 
d_464 d464 0.040650 0.918699 0.040650 
d_465 d465 0.050505 0.414141 0.535354 
d_466 d466 0.410468 0.575758 0.013774 
d_467 d467 0.885057 0.057471 0.057471 
d_468 d468 0.617486 0.355191 0.027322 
d_469 d469 0.477477 0.477477 0.045045 
d_470 d470 0.333333 0.645022 0.021645 
d_471 d471 0.156342 0.651917 0.191740 
d_472 d472 0.415638 0.366255 0.218107 
d_473 d473 0.309942 0.029240 0.660819 
d_474 d474 0.570370 0.037037 0.392593 
d_475 d475 0.885057 0.057471 0.057471 
d_476 d476 0.693694 0.045045 0.261261 
d_477 d477 0.037037 0.586057 0.376906 
d_478 d478 0.182390 0.786164 0.031447 
d_479 d479 0.242009 0.296804 0.461187 
d_480 d480 0.185185 0.185185 0.629630 
d_481 d481 0.272171 0.639144 0.088685 
d_482 d482 0.179063 0.476584 0.344353 
d_483 d483 0.356455 0.310212 0.333333 
d_484 d484 0.386667 0.066667 0.546667 
d_485 d485 0.418259 0.469214 0.112527 
d_486 d486 0.040189 0.238771 0.721040 
d_487 d487 0.168254 0.549206 0.282540 
d_488 d488 0.318996 0.060932 0.620072 
d_489 d489 0.029240 0.941520 0.029240 
d_490 d490 0.077213 0.461394 0.461394 
d_491 d491 0.333333 0.635220 0.031447 
d_492 d492 0.025641 0.271795 0.702564 
d_493 d493 0.243446 0.692884 0.063670 
d_494 d494 0.148880 0.544137 0.306983 
d_495 d495 0.057471 0.057471 0.885057 
d_496 d496 0.396825 0.092063 0.511111 
d_497 d497 0.288390 0.602996 0.108614 
d_498 d498 0.575758 0.013774 0.410468 
d_499 d499 0.037613 0.411154 0.551232 
d_500 d500 0.033449 0.587082 0.379469 
d_501 d501 0.303704 0.659259 0.037037 
d_502 d502 0.371981 0.371981 0.256039 
d_503 d503 0.315234 0.387632 0.297134 
d_504 d504 0.138004 0.698514 0.163482 
d_505 d505 0.013774 0.509642 0.476584 
d_506 d506 0.152338 0.641026 0.206637 
d_507 d507 0.747126 0.057471 0.195402 
d_508 d508 0.242009 0.461187 0.296804 
d_509 d509 0.355191 0.617486 0.027322 
d_510 d510 0.040650 0.040650 0.918699 
d_511 d511 0.477477 0.477477 0.045045 
d_512 d512 0.095710 0.887789 0.016502 
d_513 d513 0.031447 0.635220 0.333333 
d_514 d514 0.278912 0.687075 0.034014 
d_515 d515 0.069829 0.607378 0.322793 
d_516 d516 0.243446 0.558052 0.198502 
d_517 d517 0.034014 0.115646 0.850340 
d_518 d518 0.223368 0.470790 0.305842 
d_519 d519 0.308869 0.675841 0.015291 
d_520 d520 0.022831 0.077626 0.899543 
d_521 d521 0.617486 0.355191 0.027322 
d_522 d522 0.109333 0.109333 0.781333 
d_523 d523 0.303704 0.037037 0.659259 
d_524 d524 0.099415 0.730994 0.169591 
d_525 d525 0.835125 0.017921 0.146953 
d_526 d526 0.463063 0.376577 0.160360 
d_527 d527 0.491039 0.017921 0.491039 
d_528 d528 0.019608 0.960784 0.019608 
d_529 d529 0.349020 0.254902 0.396078 
d_530 d530 0.631373 0.066667 0.301961 
d_531 d531 0.254902 0.254902 0.490196 
d_532 d532 0.045333 0.685333 0.269333 
d_533 d533 0.031447 0.408805 0.559748 
d_534 d534 0.191740 0.191740 0.616519 
d_535 d535 0.027322 0.420765 0.551913 
d_536 d536 0.295850 0.681392 0.022758 
d_537 d537 0.571252 0.244114 0.184634 
d_538 d538 0.092896 0.814208 0.092896 
d_539 d539 0.393743 0.562028 0.044229 
d_540 d540 0.289617 0.551913 0.158470 
d_541 d541 0.050505 0.414141 0.535354 
d_542 d542 0.127695 0.764511 0.107794 
d_543 d543 0.182390 0.031447 0.786164 
d_544 d544 0.546667 0.066667 0.386667 
d_545 d545 0.037037 0.125926 0.837037 
d_546 d546 0.013333 0.429333 0.557333 
d_547 d547 0.460317 0.460317 0.079365 
d_548 d548 0.167407 0.807407 0.025185 
d_549 d549 0.676976 0.058419 0.264605 
d_550 d550 0.781333 0.013333 0.205333 
d_551 d551 0.132988 0.609672 0.257340 
d_552 d552 0.099656 0.429553 0.470790 
d_553 d553 0.885057 0.057471 0.057471 
d_554 d554 0.635220 0.333333 0.031447 
d_555 d555 0.210256 0.148718 0.641026 
d_556 d556 0.106918 0.484277 0.408805 
d_557 d557 0.132420 0.022831 0.844749 
d_558 d558 0.635220 0.333333 0.031447 
d_559 d559 0.956710 0.021645 0.021645 
d_560 d560 0.535354 0.171717 0.292929 
d_561 d561 0.585586 0.153153 0.261261 
d_562 d562 0.535354 0.171717 0.292929 
d_563 d563 0.223368 0.718213 0.058419 
d_564 d564 0.243446 0.288390 0.468165 
d_565 d565 0.050505 0.171717 0.777778 
d_566 d566 0.272420 0.637902 0.089679 
d_567 d567 0.045045 0.045045 0.909910 
d_568 d568 0.025641 0.764103 0.210256 
d_569 d569 0.300585 0.033918 0.665497 
d_570 d570 0.082621 0.766382 0.150997 
d_571 d571 0.243446 0.513109 0.243446 
d_572 d572 0.182131 0.429553 0.388316 
d_573 d573 0.092896 0.027322 0.879781 
d_574 d574 0.333333 0.087179 0.579487 
d_575 d575 0.592793 0.160360 0.246847 
d_576 d576 0.316872 0.514403 0.168724 
d_577 d577 0.748634 0.027322 0.224044 
d_578 d578 0.333333 0.231810 0.434856 
d_579 d579 0.034014 0.442177 0.523810 
d_580 d580 0.528455 0.235772 0.235772 
d_581 d581 0.371981 0.545894 0.082126 
d_582 d582 0.025641 0.641026 0.333333 
d_583 d583 0.450292 0.520468 0.029240 
d_584 d584 0.226667 0.706667 0.066667 
d_585 d585 0.033531 0.909270 0.057199 
d_586 d586 0.050505 0.535354 0.414141 
d_587 d587 0.429333 0.557333 0.013333 
d_588 d588 0.318996 0.232975 0.448029 
d_589 d589 0.801802 0.045045 0.153153 
d_590 d590 0.171717 0.777778 0.050505 
d_591 d591 0.087179 0.210256 0.702564 
d_592 d592 0.029240 0.801170 0.169591 
d_593 d593 0.593074 0.021645 0.385281 
d_594 d594 0.586057 0.220044 0.193900 
d_595 d595 0.091723 0.413870 0.494407 
d_596 d596 0.050505 0.535354 0.414141 
d_597 d597 0.288390 0.513109 0.198502 
d_598 d598 0.197279 0.197279 0.605442 
d_599 d599 0.303704 0.659259 0.037037 
d_600 d600 0.066667 0.866667 0.066667 
d_601 d601 0.358730 0.130159 0.511111 
d_602 d602 0.025641 0.210256 0.764103 
d_603 d603 0.210402 0.579196 0.210402 
d_604 d604 0.132420 0.296804 0.570776 
d_605 d605 0.641873 0.046832 0.311295 
d_606 d606 0.392593 0.125926 0.481481 
d_607 d607 0.099415 0.871345 0.029240 
d_608 d608 0.214815 0.659259 0.125926 
d_609 d609 0.471264 0.333333 0.195402 
d_610 d610 0.034014 0.115646 0.850340 
d_611 d611 0.027322 0.420765 0.551913 
d_612 d612 0.925926 0.037037 0.037037 
d_613 d613 0.006588 0.133070 0.860343 
d_614 d614 0.303704 0.214815 0.481481 
d_615 d615 0.356455 0.379576 0.263969 
d_616 d616 0.074935 0.291990 0.633075 
d_617 d617 0.288390 0.423221 0.288390 
d_618 d618 0.119705 0.451197 0.429098 
d_619 d619 0.011186 0.548098 0.440716 
d_620 d620 0.605442 0.115646 0.278912 
d_621 d621 0.419170 0.333333 0.247496 
d_622 d622 0.099415 0.099415 0.801170 
d_623 d623 0.403050 0.376906 0.220044 
d_624 d624 0.079940 0.260935 0.659125 
d_625 d625 0.305842 0.264605 0.429553 
d_626 d626 0.687075 0.115646 0.197279 
d_627 d627 0.027322 0.027322 0.945355 
d_628 d628 0.617486 0.027322 0.355191 
d_629 d629 0.199211 0.341223 0.459566 
d_630 d630 0.412541 0.372937 0.214521 
d_631 d631 0.015873 0.549206 0.434921 
d_632 d632 0.801802 0.153153 0.045045 
d_633 d633 0.057471 0.057471 0.885057 
d_634 d634 0.414141 0.050505 0.535354 
d_635 d635 0.333333 0.609195 0.057471 
d_636 d636 0.257862 0.182390 0.559748 
d_637 d637 0.909910 0.045045 0.045045 
d_638 d638 0.313283 0.042607 0.644110 
d_639 d639 0.879781 0.092896 0.027322 
d_640 d640 0.198777 0.198777 0.602446 
d_641 d641 0.109333 0.365333 0.525333 
d_642 d642 0.478036 0.478036 0.043928 
d_643 d643 0.156342 0.439528 0.404130 
d_644 d644 0.050505 0.050505 0.898990 
d_645 d645 0.289617 0.224044 0.486339 
d_646 d646 0.515982 0.461187 0.022831 
d_647 d647 0.474926 0.262537 0.262537 
d_648 d648 0.314943 0.149425 0.535632 
d_649 d649 0.371981 0.024155 0.603865 
d_650 d650 0.224736 0.622926 0.152338 
d_651 d651 0.371981 0.198068 0.429952 
d_652 d652 0.748148 0.125926 0.125926 
d_653 d653 0.057471 0.885057 0.057471 
d_654 d654 0.066667 0.706667 0.226667 
d_655 d655 0.024155 0.024155 0.951691 
d_656 d656 0.214815 0.748148 0.037037 
d_657 d657 0.749104 0.189964 0.060932 
d_658 d658 0.146953 0.017921 0.835125 
d_659 d659 0.050505 0.656566 0.292929 
d_660 d660 0.257862 0.710692 0.031447 
d_661 d661 0.265393 0.392781 0.341826 
d_662 d662 0.948718 0.025641 0.025641 
d_663 d663 0.385281 0.177489 0.437229 
d_664 d664 0.034014 0.523810 0.442177 
d_665 d665 0.696970 0.281385 0.021645 
d_666 d666 0.237333 0.173333 0.589333 
d_667 d667 0.027322 0.551913 0.420765 
d_668 d668 0.283208 0.463659 0.253133 
d_669 d669 0.484277 0.484277 0.031447 
d_670 d670 0.197279 0.605442 0.197279 
d_671 d671 0.021645 0.696970 0.281385 
d_672 d672 0.492877 0.458689 0.048433 
d_673 d673 0.040650 0.821138 0.138211 
d_674 d674 0.237333 0.493333 0.269333 
d_675 d675 0.017182 0.347079 0.635739 
d_676 d676 0.205619 0.220945 0.573436 
d_677 d677 0.045045 0.261261 0.693694 
d_678 d678 0.162080 0.015291 0.822630 
d_679 d679 0.092896 0.617486 0.289617 
d_680 d680 0.051988 0.382263 0.565749 
d_681 d681 0.025641 0.764103 0.210256 
d_682 d682 0.015291 0.639144 0.345566 
d_683 d683 0.341223 0.293886 0.364892 
d_684 d684 0.420765 0.224044 0.355191 
d_685 d685 0.024155 0.082126 0.893720 
d_686 d686 0.559748 0.333333 0.106918 
d_687 d687 0.477477 0.045045 0.477477 
d_688 d688 0.034014 0.442177 0.523810 
d_689 d689 0.103943 0.878136 0.017921 
d_690 d690 0.543434 0.034343 0.422222 
d_691 d691 0.290090 0.700901 0.009009 
d_692 d692 0.025641 0.148718 0.825641 
d_693 d693 0.040650 0.821138 0.138211 
d_694 d694 0.153153 0.585586 0.261261 
d_695 d695 0.021645 0.437229 0.541126 
d_696 d696 0.729373 0.016502 0.254125 
d_697 d697 0.645022 0.333333 0.021645 
d_698 d698 0.119342 0.514403 0.366255 
d_699 d699 0.115646 0.442177 0.442177 
d_700 d700 0.138211 0.430894 0.430894 
d_701 d701 0.031447 0.106918 0.861635 
d_702 d702 0.020576 0.168724 0.810700 
d_703 d703 0.051988 0.272171 0.675841 
d_704 d704 0.777778 0.050505 0.171717 
d_705 d705 0.203252 0.281301 0.515447 
d_706 d706 0.523810 0.197279 0.278912 
d_707 d707 0.162080 0.602446 0.235474 
d_708 d708 0.509642 0.476584 0.013774 
d_709 d709 0.015873 0.815873 0.168254 
d_710 d710 0.214437 0.571125 0.214437 
d_711 d711 0.366255 0.366255 0.267490 
d_712 d712 0.021645 0.489177 0.489177 
d_713 d713 0.040650 0.040650 0.918699 
d_714 d714 0.257862 0.710692 0.031447 
d_715 d715 0.603865 0.024155 0.371981 
d_716 d716 0.748148 0.037037 0.214815 
d_717 d717 0.057471 0.747126 0.195402 
d_718 d718 0.029240 0.660819 0.309942 
d_719 d719 0.296804 0.570776 0.132420 
d_720 d720 0.017182 0.017182 0.965636 
d_721 d721 0.748918 0.125541 0.125541 
d_722 d722 0.095495 0.657658 0.246847 
d_723 d723 0.027322 0.683060 0.289617 
d_724 d724 0.390313 0.595442 0.014245 
d_725 d725 0.613169 0.020576 0.366255 
d_726 d726 0.772549 0.160784 0.066667 
d_727 d727 0.037037 0.037037 0.925926 
d_728 d728 0.747126 0.195402 0.057471 
d_729 d729 0.020576 0.958848 0.020576 
d_730 d730 0.355191 0.289617 0.355191 
d_731 d731 0.748634 0.224044 0.027322 
d_732 d732 0.264605 0.305842 0.429553 
d_733 d733 0.396078 0.584314 0.019608 
d_734 d734 0.420925 0.333333 0.245742 
d_735 d735 0.229437 0.645022 0.125541 
d_736 d736 0.050505 0.898990 0.050505 
d_737 d737 0.087179 0.025641 0.887179 
d_738 d738 0.034014 0.360544 0.605442 
d_739 d739 0.303704 0.037037 0.659259 
d_740 d740 0.748634 0.027322 0.224044 
d_741 d741 0.015873 0.549206 0.434921 
d_742 d742 0.195402 0.471264 0.333333 
d_743 d743 0.747126 0.195402 0.057471 
d_744 d744 0.396078 0.396078 0.207843 
d_745 d745 0.369369 0.369369 0.261261 
d_746 d746 0.195402 0.609195 0.195402 
d_747 d747 0.099415 0.239766 0.660819 
d_748 d748 0.423221 0.198502 0.378277 
d_749 d749 0.656566 0.050505 0.292929 
d_750 d750 0.777778 0.050505 0.171717 
d_751 d751 0.214815 0.392593 0.392593 
d_752 d752 0.429952 0.256039 0.314010 
d_753 d753 0.768707 0.197279 0.034014 
d_754 d754 0.789954 0.022831 0.187215 
d_755 d755 0.082126 0.487923 0.429952 
d_756 d756 0.066667 0.066667 0.866667 
d_757 d757 0.021645 0.229437 0.748918 
d_758 d758 0.430894 0.333333 0.235772 
d_759 d759 0.077626 0.899543 0.022831 
d_760 d760 0.577061 0.060932 0.362007 
d_761 d761 0.141333 0.557333 0.301333 
d_762 d762 0.216545 0.304136 0.479319 
d_763 d763 0.153153 0.045045 0.801802 
d_764 d764 0.066667 0.066667 0.866667 
d_765 d765 0.039080 0.783908 0.177011 
d_766 d766 0.541126 0.073593 0.385281 
d_767 d767 0.261261 0.045045 0.693694 
d_768 d768 0.396078 0.301961 0.301961 
d_769 d769 0.531295 0.356623 0.112082 
d_770 d770 0.025641 0.333333 0.641026 
d_771 d771 0.050505 0.292929 0.656566 
d_772 d772 0.125926 0.837037 0.037037 
d_773 d773 0.349020 0.631373 0.019608 
d_774 d774 0.579487 0.025641 0.394872 
d_775 d775 0.563786 0.415638 0.020576 
d_776 d776 0.748148 0.037037 0.214815 
d_777 d777 0.747126 0.057471 0.195402 
d_778 d778 0.066667 0.066667 0.866667 
d_779 d779 0.450292 0.450292 0.099415 
d_780 d780 0.214815 0.659259 0.125926 
d_781 d781 0.037037 0.481481 0.481481 
d_782 d782 0.305842 0.017182 0.676976 
d_783 d783 0.380615 0.068558 0.550827 
d_784 d784 0.517949 0.394872 0.087179 
d_785 d785 0.046832 0.641873 0.311295 
d_786 d786 0.045045 0.477477 0.477477 
d_787 d787 0.040650 0.333333 0.626016 
d_788 d788 0.242009 0.680365 0.077626 
d_789 d789 0.909910 0.045045 0.045045 
d_790 d790 0.660819 0.309942 0.029240 
d_791 d791 0.546667 0.386667 0.066667 
d_792 d792 0.120944 0.262537 0.616519 
d_793 d793 0.050505 0.656566 0.292929 
d_794 d794 0.551913 0.420765 0.027322 
d_795 d795 0.239766 0.660819 0.099415 
d_796 d796 0.125926 0.214815 0.659259 
d_797 d797 0.405018 0.534050 0.060932 
d_798 d798 0.066667 0.706667 0.226667 
d_799 d799 0.301333 0.493333 0.205333 
d_800 d800 0.106918 0.333333 0.559748 
d_801 d801 0.380117 0.520468 0.099415 
d_802 d802 0.220945 0.496807 0.282248 
d_803 d803 0.022831 0.077626 0.899543 
d_804 d804 0.066667 0.866667 0.066667 
d_805 d805 0.031447 0.408805 0.559748 
d_806 d806 0.017182 0.883162 0.099656 
d_807 d807 0.276863 0.587451 0.135686 
d_808 d808 0.082126 0.082126 0.835749 
d_809 d809 0.031447 0.861635 0.106918 
d_810 d810 0.182390 0.182390 0.635220 
d_811 d811 0.271795 0.210256 0.517949 
d_812 d812 0.034014 0.197279 0.768707 
d_813 d813 0.235405 0.506591 0.258004 
d_814 d814 0.418960 0.529052 0.051988 
d_815 d815 0.710692 0.031447 0.257862 
d_816 d816 0.066667 0.490196 0.443137 
d_817 d817 0.551913 0.027322 0.420765 
d_818 d818 0.206349 0.206349 0.587302 
d_819 d819 0.918699 0.040650 0.040650 
d_820 d820 0.031447 0.937107 0.031447 
d_821 d821 0.205333 0.365333 0.429333 
d_822 d822 0.019608 0.443137 0.537255 
d_823 d823 0.050086 0.423143 0.526770 
d_824 d824 0.333333 0.423221 0.243446 
d_825 d825 0.296804 0.406393 0.296804 
d_826 d826 0.333333 0.210256 0.456410 
d_827 d827 0.012165 0.245742 0.742092 
d_828 d828 0.246548 0.341223 0.412229 
d_829 d829 0.099656 0.759450 0.140893 
d_830 d830 0.037037 0.579042 0.383921 
d_831 d831 0.259770 0.452874 0.287356 
d_832 d832 0.659259 0.037037 0.303704 
d_833 d833 0.585586 0.045045 0.369369 
d_834 d834 0.160784 0.019608 0.819608 
d_835 d835 0.471264 0.057471 0.471264 
d_836 d836 0.340242 0.381693 0.278066 
d_837 d837 0.392593 0.570370 0.037037 
d_838 d838 0.214815 0.214815 0.570370 
d_839 d839 0.443137 0.301961 0.254902 
d_840 d840 0.520468 0.239766 0.239766 
d_841 d841 0.235772 0.723577 0.040650 
d_842 d842 0.066667 0.066667 0.866667 
d_843 d843 0.066667 0.066667 0.866667 
d_844 d844 0.012920 0.664083 0.322997 
d_845 d845 0.140097 0.082126 0.777778 
d_846 d846 0.551913 0.355191 0.092896 
d_847 d847 0.371981 0.024155 0.603865 
d_848 d848 0.087179 0.887179 0.025641 
d_849 d849 0.587669 0.356455 0.055877 
d_850 d850 0.037037 0.037037 0.925926 
d_851 d851 0.414141 0.050505 0.535354 
d_852 d852 0.430894 0.528455 0.040650 
d_853 d853 0.022758 0.376171 0.601071 
d_854 d854 0.898990 0.050505 0.050505 
d_855 d855 0.186004 0.296501 0.517495 
d_856 d856 0.009416 0.461394 0.529190 
d_857 d857 0.801802 0.153153 0.045045 
d_858 d858 0.020576 0.761317 0.218107 
d_859 d859 0.377410 0.377410 0.245179 
d_860 d860 0.099656 0.347079 0.553265 
d_861 d861 0.079890 0.509642 0.410468 
d_862 d862 0.015291 0.345566 0.639144 
d_863 d863 0.425819 0.102119 0.472062 
d_864 d864 0.029240 0.169591 0.801170 
d_865 d865 0.177489 0.489177 0.333333 
d_866 d866 0.130159 0.396825 0.473016 
d_867 d867 0.022831 0.789954 0.187215 
d_868 d868 0.229437 0.593074 0.177489 
d_869 d869 0.425819 0.518304 0.055877 
d_870 d870 0.224044 0.748634 0.027322 
d_871 d871 0.010352 0.333333 0.656315 
d_872 d872 0.014749 0.793510 0.191740 
d_873 d873 0.058419 0.223368 0.718213 
d_874 d874 0.016502 0.808581 0.174917 
d_875 d875 0.641026 0.025641 0.333333 
d_876 d876 0.412541 0.570957 0.016502 
d_877 d877 0.040650 0.821138 0.138211 
d_878 d878 0.169591 0.520468 0.309942 
d_879 d879 0.261261 0.693694 0.045045 
d_880 d880 0.235772 0.138211 0.626016 
d_881 d881 0.066667 0.066667 0.866667 
d_882 d882 0.423221 0.468165 0.108614 
d_883 d883 0.235772 0.138211 0.626016 
d_884 d884 0.066667 0.066667 0.866667 
d_885 d885 0.045045 0.153153 0.801802 
d_886 d886 0.866667 0.066667 0.066667 
d_887 d887 0.045045 0.045045 0.909910 
d_888 d888 0.169591 0.660819 0.169591 
d_889 d889 0.242009 0.735160 0.022831 
d_890 d890 0.639144 0.051988 0.308869 
d_891 d891 0.158470 0.420765 0.420765 
d_892 d892 0.171717 0.050505 0.777778 
d_893 d893 0.281385 0.021645 0.696970 
d_894 d894 0.925926 0.037037 0.037037 
d_895 d895 0.801802 0.045045 0.153153 
d_896 d896 0.945355 0.027322 0.027322 
d_897 d897 0.837037 0.037037 0.125926 
d_898 d898 0.452145 0.016502 0.531353 
d_899 d899 0.099415 0.029240 0.871345 
d_900 d900 0.254125 0.293729 0.452145 
d_901 d901 0.810700 0.119342 0.069959 
d_902 d902 0.385281 0.281385 0.333333 
d_903 d903 0.009208 0.650092 0.340700 
d_904 d904 0.224044 0.027322 0.748634 
d_905 d905 0.228879 0.652842 0.118280 
d_906 d906 0.323877 0.011820 0.664303 
d_907 d907 0.546667 0.386667 0.066667 
d_908 d908 0.095710 0.689769 0.214521 
d_909 d909 0.617486 0.158470 0.224044 
d_910 d910 0.014749 0.864307 0.120944 
d_911 d911 0.099415 0.099415 0.801170 
d_912 d912 0.057471 0.885057 0.057471 
d_913 d913 0.456410 0.517949 0.025641 
d_914 d914 0.420765 0.420765 0.158470 
d_915 d915 0.254902 0.490196 0.254902 
d_916 d916 0.659259 0.303704 0.037037 
d_917 d917 0.365333 0.397333 0.237333 
d_918 d918 0.350763 0.350763 0.298475 
d_919 d919 0.559748 0.408805 0.031447 
d_920 d920 0.511111 0.473016 0.015873 
d_921 d921 0.018727 0.018727 0.962547 
d_922 d922 0.145414 0.521253 0.333333 
d_923 d923 0.138211 0.821138 0.040650 
d_924 d924 0.239766 0.309942 0.450292 
d_925 d925 0.420765 0.420765 0.158470 
d_926 d926 0.402003 0.316166 0.281831 
d_927 d927 0.293729 0.254125 0.452145 
d_928 d928 0.660819 0.309942 0.029240 
d_929 d929 0.034014 0.115646 0.850340 
d_930 d930 0.219373 0.424501 0.356125 
d_931 d931 0.097606 0.561694 0.340700 
d_932 d932 0.692884 0.153558 0.153558 
d_933 d933 0.050505 0.535354 0.414141 
d_934 d934 0.215889 0.381693 0.402418 
d_935 d935 0.871345 0.029240 0.099415 
d_936 d936 0.589333 0.077333 0.333333 
d_937 d937 0.017921 0.964158 0.017921 
d_938 d938 0.821138 0.138211 0.040650 
d_939 d939 0.821138 0.040650 0.138211 
d_940 d940 0.034343 0.664646 0.301010 
d_941 d941 0.406393 0.187215 0.406393 
d_942 d942 0.066667 0.066667 0.866667 
d_943 d943 0.075823 0.367668 0.556509 
d_944 d944 0.058419 0.264605 0.676976 
d_945 d945 0.350763 0.298475 0.350763 
d_946 d946 0.309942 0.380117 0.309942 
d_947 d947 0.470790 0.058419 0.470790 
d_948 d948 0.016502 0.531353 0.452145 
d_949 d949 0.333333 0.153558 0.513109 
d_950 d950 0.022831 0.187215 0.789954 
d_951 d951 0.050505 0.898990 0.050505 
d_952 d952 0.174917 0.016502 0.808581 
d_953 d953 0.138211 0.723577 0.138211 
d_954 d954 0.534050 0.146953 0.318996 
d_955 d955 0.027322 0.683060 0.289617 
d_956 d956 0.177489 0.800866 0.021645 
d_957 d957 0.022831 0.461187 0.515982 
d_958 d958 0.351598 0.625571 0.022831 
d_959 d959 0.579487 0.087179 0.333333 
d_960 d960 0.351598 0.625571 0.022831 
d_961 d961 0.535354 0.414141 0.050505 
d_962 d962 0.693694 0.045045 0.261261 
d_963 d963 0.066667 0.866667 0.066667 
d_964 d964 0.442177 0.034014 0.523810 
d_965 d965 0.103943 0.189964 0.706093 
d_966 d966 0.050505 0.656566 0.292929 
d_967 d967 0.037037 0.481481 0.481481 
d_968 d968 0.535354 0.050505 0.414141 
d_969 d969 0.174917 0.016502 0.808581 
d_970 d970 0.301333 0.173333 0.525333 
d_971 d971 0.020576 0.069959 0.909465 
d_972 d972 0.531353 0.016502 0.452145 
d_973 d973 0.017182 0.099656 0.883162 
d_974 d974 0.088685 0.418960 0.492355 
d_975 d975 0.429952 0.545894 0.024155 
d_976 d976 0.414552 0.211506 0.373942 
d_977 d977 0.038031 0.923937 0.038031 
d_978 d978 0.385013 0.260982 0.354005 
d_979 d979 0.077626 0.022831 0.899543 
d_980 d980 0.045045 0.693694 0.261261 
d_981 d981 0.850340 0.034014 0.115646 
d_982 d982 0.109333 0.493333 0.397333 
d_983 d983 0.404130 0.014749 0.581121 
d_984 d984 0.585586 0.045045 0.369369 
d_985 d985 0.369369 0.477477 0.153153 
d_986 d986 0.206349 0.663492 0.130159 
d_987 d987 0.015873 0.396825 0.587302 
d_988 d988 0.490196 0.443137 0.066667 
d_989 d989 0.585586 0.045045 0.369369 
d_990 d990 0.635739 0.223368 0.140893 
d_991 d991 0.617486 0.158470 0.224044 
d_992 d992 0.321937 0.150997 0.527066 
d_993 d993 0.033531 0.625247 0.341223 
d_994 d994 0.810700 0.168724 0.020576 
d_995 d995 0.040650 0.626016 0.333333 
d_996 d996 0.371981 0.314010 0.314010 
d_997 d997 0.256039 0.198068 0.545894 
d_998 d998 0.012531 0.644110 0.343358 
d_999 d999 0.140097 0.429952 0.429952 
d_1000 d1000 0.187396 0.684909 0.127695 
d_1001 d1001 0.034014 0.523810 0.442177 
d_1002 d1002 0.015873 0.892063 0.092063 
d_1003 d1003 0.027322 0.092896 0.879781 
d_1004 d1004 0.885057 0.057471 0.057471 
d_1005 d1005 0.153153 0.801802 0.045045 
d_1006 d1006 0.256039 0.314010 0.429952 
d_1007 d1007 0.635220 0.031447 0.333333 
d_1008 d1008 0.146006 0.575758 0.278237 
d_1009 d1009 0.045045 0.045045 0.909910 
d_1010 d1010 0.647940 0.153558 0.198502 
d_1011 d1011 0.246548 0.719921 0.033531 
d_1012 d1012 0.227139 0.651917 0.120944 
d_1013 d1013 0.015873 0.168254 0.815873 
d_1014 d1014 0.011820 0.806147 0.182033 
d_1015 d1015 0.749104 0.103943 0.146953 
d_1016 d1016 0.251348 0.329018 0.419633 
d_1017 d1017 0.040650 0.918699 0.040650 
d_1018 d1018 0.054886 0.729585 0.215529 
d_1019 d1019 0.092896 0.551913 0.355191 
d_1020 d1020 0.205333 0.141333 0.653333 
d_1021 d1021 0.113725 0.349020 0.537255 
d_1022 d1022 0.034014 0.605442 0.360544 
d_1023 d1023 0.214815 0.570370 0.214815 
d_1024 d1024 0.019608 0.772549 0.207843 
d_1025 d1025 0.145009 0.325800 0.529190 
d_1026 d1026 0.040650 0.040650 0.918699 
d_1027 d1027 0.270217 0.412229 0.317554 
d_1028 d1028 0.024155 0.024155 0.951691 
